84019.773438
39439.292969
78310.921875
79845.007812
91165.734375
19756.136719
33523.273438
76823.960938
27778.472656
55397.996094
47740.707031
62888.089844
36479.449219
51341.089844
95223.976562
91620.507812
63572.171875
71730.695312
14161.255859
60697.886719
1631.057251
24289.675781
13724.157227
80418.671875
15668.909180
40095.437500
12980.043945
10881.879883
99893.453125
21826.691406
51294.242188
83912.218750
61264.984375
29604.162109
63756.226562
52429.714844
49359.300781
97278.507812
29252.679688
77136.773438
52675.496094
76992.382812
40023.863281
89153.945312
28332.472656
35246.835938
80773.453125
91903.648438
6976.527832
94933.703125
52600.539062
8606.584961
19222.384766
66323.687500
89024.265625
34890.292969
6418.132324
2003.304810
45771.175781
6310.583984
23828.996094
97064.414062
90221.812500
85092.976562
26667.576172
53977.035156
37521.699219
76025.875000
51254.539062
66773.375000
53161.644531
3929.034424
43764.757812
93184.507812
93081.976562
72096.234375
28430.341797
73854.429688
63998.882812
35405.867188
68787.140625
16598.417969
44011.453125
88008.523438
82921.109375
33034.714844
22897.816406
89338.242188
35037.019531
68667.992188
95647.820312
58865.015625
65731.406250
85868.632812
43956.992188
92397.984375
39844.667969
81477.687500
68422.851562
91098.203125
48250.066406
21583.496094
95026.234375
92013.820312
14767.001953
88107.218750
64109.062500
43196.343750
61960.648438
28106.941406
78601.210938
30746.787109
44704.359375
22611.662109
18754.310547
27624.468750
55645.375000
41651.128906
16961.708984
90681.390625
10318.118164
12608.534180
49545.406250
76048.523438
98476.164062
93501.398438
68445.500000
38319.832031
74978.085938
36867.355469
29417.037109
23227.154297
58449.851562
24442.273438
15239.979492
73215.851562
12548.490234
79348.039062
16411.193359
74508.140625
7453.979492
95011.406250
5253.926270
52157.335938
17622.066406
24007.236328
79780.804688
73266.437500
65657.367188
96741.515625
63946.835938
75974.484375
9349.047852
13491.242188
52022.007812
7824.213867
6991.639648
20466.507812
46143.046875
81968.726562
57332.859375
75559.085938
5194.881836
15781.712891
100000.359375
20433.861328
88996.562500
12547.847656
99780.898438
5406.757812
87054.984375
7233.879883
417.160889
92307.914062
59390.214844
18038.226562
16314.150391
39170.023438
91303.671875
81970.515625
35910.535156
55249.503906
57944.000000
45258.582031
68739.742188
9965.006836
53081.796875
75730.382812
30430.515625
99223.843750
57698.113281
87762.375000
74781.929688
62891.996094
3543.090576
74781.289062
83324.851562
92538.656250
87328.132812
83104.750000
97944.414062
74382.117188
90337.632812
98360.570312
66689.031250
49726.851562
16397.798828
83002.187500
88895.875000
7700.467773
64971.695312
24805.412109
62948.968750
22914.697266
70062.992188
31687.714844
32878.703125
23143.794922
7417.097168
63308.218750
22366.640625
65114.210938
51069.597656
97147.570312
28005.203125
54611.687500
71927.859375
11329.055664
47149.343750
59254.992188
94432.812500
45092.757812
33636.113281
84769.445312
43452.328125
324.145966
34495.296875
59849.128906
83325.328125
23390.171875
67548.593750
48296.027344
48194.582031
30496.568359
71209.726562
18256.580078
62183.285156
4087.430420
41399.375000
69599.375000
67394.648438
63765.019531
34712.585938
18463.246094
60911.589844
62716.785156
73073.937500
32838.445312
74044.843750
20222.277344
92092.437500
68476.648438
65314.035156
25727.546875
53245.097656
8765.363281
26050.695312
87739.398438
68613.492188
9375.024414
11128.562500
36161.089844
57670.050781
59322.148438
66656.656250
28878.777344
77577.726562
28838.939453
32965.207031
18976.097656
98437.320312
358.857452
82740.117188
33148.906250
18821.103516
43650.699219
95864.695312
91894.039062
76488.140625
69908.539062
12115.316406
68579.578125
38384.195312
77428.351562
94306.125000
91628.296875
86192.710938
20355.822266
79366.679688
54805.207031
29729.845703
90494.250000
90965.296875
87398.898438
49815.390625
57620.953125
16276.673828
27392.117188
86458.898438
49240.882812
46367.214844
84895.218750
49598.738281
29106.330078
18043.123047
68418.843750
72756.023438
13906.820312
60311.882812
49243.171875
83814.359375
72426.195312
17821.751953
22197.552734
49853.546875
12126.877930
13824.845703
36045.261719
32481.699219
93190.531250
90849.460938
62210.546875
83683.773438
81813.765625
49608.441406
33498.167969
39433.714844
65884.117188
60889.285156
25891.613281
15123.998047
7255.500488
10785.828125
64721.738281
36360.828125
28827.951172
33139.582031
9115.857422
42733.773438
93450.468750
58358.031250
26547.132812
65875.664062
76178.781250
48743.687500
15728.211914
88304.664062
62567.531250
51772.472656
20785.359375
55757.062500
42620.937500
82994.906250
39439.835938
24433.699219
32602.347656
72937.007812
63866.417969
98485.460938
33825.292969
89757.023438
13608.461914
41079.792969
541.854858
78329.195312
77439.625000
29368.806641
11467.781250
86554.484375
72101.578125
4917.246094
44911.511719
98647.710938
70791.914062
21089.291016
47390.398438
86519.117188
9392.951172
9956.929688
38290.593750
30177.308594
65712.992188
80910.531250
13171.213867
5151.828613
5343.229492
45772.558594
78087.835938
69208.640625
44257.023438
11912.128906
58964.667969
57864.484375
52990.925781
59505.527344
36192.683594
30429.546875
88873.328125
47659.464844
16983.027344
60973.910156
52575.710938
61893.539062
59620.625000
23366.621094
82981.828125
7010.020508
9884.742188
92373.781250
16965.949219
48174.335938
22550.091797
82677.937500
29083.867188
35720.304688
87828.773438
34426.093750
81491.867188
65915.609375
3633.739990
25747.890625
77826.734375
62597.410156
83611.375000
30816.654297
22101.935547
19803.058594
61245.203125
10974.268555
67461.523438
78227.226562
71947.179688
20036.236328
40119.765625
31566.802734
43401.855469
23100.595703
38575.824219
53285.597656
15473.375977
55540.773438
1458.934326
38022.464844
38217.714844
30541.800781
73741.773438
26045.484375
64966.898438
55232.636719
91960.085938
68599.632812
80979.531250
69785.820312
31196.046875
64589.906250
601.477234
53296.980469
84391.960938
61845.675781
64270.250000
51852.488281
40071.902344
36216.433594
71887.726562
80190.671875
67782.234375
15288.580078
3290.265137
6357.059570
68573.179688
18762.640625
61896.835938
70031.109375
56784.109375
113.547958
571.914185
30524.880859
26158.033203
65537.812500
85756.523438
18117.121094
34136.445312
66735.054688
87901.945312
65331.492188
31323.957031
88502.421875
18627.478516
15714.917969
50347.101562
82896.734375
67566.406250
90418.000000
19112.164062
39453.128906
70607.671875
86893.398438
54740.707031
73896.937500
93249.460938
23312.888672
92658.578125
55145.292969
93343.000000
49441.687500
55257.843750
93913.914062
79965.570312
81414.867188
59450.726562
65721.093750
99530.992188
93586.171875
32455.142578
87431.937500
58916.667969
63778.093750
75933.359375
77543.140625
79492.015625
26279.457031
60438.875000
47057.421875
16696.460938
79550.039062
86509.546875
87303.132812
66442.437500
41249.257812
61199.074219
59690.902344
64561.152344
53856.652344
14835.194336
57903.152344
3297.339600
70092.031250
51816.070312
83261.914062
51505.910156
11265.793945
48982.000000
51035.902344
4850.968262
81436.140625
38466.839844
63766.640625
45213.238281
14399.199219
41308.781250
24704.253906
40677.656250
1746.660278
71760.679688
57373.117188
81295.703125
58269.226562
44675.253906
47737.140625
99517.484375
5873.324707
7427.042969
64077.632812
59728.980469
22261.236328
21979.783203
63025.316406
92352.273438
73794.851562
46286.222656
43857.179688
85059.648438
95267.226562
94892.085938
89909.609375
76702.367188
33357.921875
53675.250000
21914.605469
47756.121094
94983.031250
46617.859375
88432.781250
96728.695312
18377.535156
45804.898438
78023.398438
76645.757812
90479.148438
25759.537109
76162.242188
96351.476562
33185.578125
40238.875000
56079.453125
55445.820312
62217.664062
19103.767578
47797.089844
36011.511719
65388.992188
91653.265625
21070.156250
60655.218750
86544.351562
10978.768555
37356.582031
19901.273438
64653.019531
59270.191406
67656.398438
59635.054688
5887.049316
56088.179688
56362.742188
24263.583984
1892.075439
34385.136719
908.343506
92370.226562
60143.671875
77069.585938
88720.703125
93328.257812
17307.464844
44799.152344
48773.070312
79524.125000
63901.917969
96569.156250
15534.637695
29289.912109
88221.421875
36603.796875
89944.125000
74764.773438
47581.562500
27299.712891
94665.046875
12233.581055
86568.906250
62320.445312
71867.632812
92454.953125
18407.623047
28229.375000
16717.535156
20298.697266
62613.515625
17624.878906
12667.923828
22756.187500
94693.468750
1387.625732
16083.441406
11999.931641
46185.777344
64855.515625
91523.054688
10086.697266
61423.667969
7056.696777
39375.609375
49644.097656
43659.492188
29318.736328
24407.873047
91240.054688
56617.449219
19071.921875
3472.635742
43185.351562
81391.367188
75339.265625
35639.300781
99797.984375
3567.644043
52355.835938
20095.687500
66180.156250
69979.710938
32762.613281
88935.343750
64672.183594
34149.238281
5017.788574
76671.117188
80334.015625
69872.296875
68193.171875
90419.710938
31294.970703
75248.875000
29794.322266
80938.070312
18907.361328
59112.058594
5344.939941
10146.415039
15728.509766
24415.861328
13618.050781
58912.859375
5806.228516
88956.320312
94551.164062
5603.217773
92522.968750
46906.003906
25697.906250
58702.121094
16884.716797
58459.519531
47636.464844
81555.898438
92607.750000
52653.257812
58226.011719
72940.773438
22524.556641
26418.187500
63359.484375
53818.527344
1666.058228
93152.804688
34755.593750
20572.419922
52263.867188
40099.535156
30717.833984
67991.375000
64514.398438
44334.886719
26903.234375
70319.625000
33290.207031
21453.398438
75921.843750
25812.167969
68358.398438
1618.747559
84513.289062
85242.117188
60077.265625
32148.753906
66797.015625
52684.019531
84801.007812
25022.031250
25623.787109
7324.565918
51439.218750
88982.273438
61142.089844
53104.273438
82134.078125
95896.687500
73675.695312
34396.945312
35995.222656
4392.530762
2387.320068
508.620300
48726.417969
29289.556641
70827.242188
82015.617188
50741.957031
46748.089844
7826.788086
19099.355469
48365.835938
92339.070312
4340.471191
8442.099609
24486.830078
71136.484375
61125.117188
9286.840820
96157.523438
86747.906250
16610.406250
47595.734375
75729.179688
77751.500000
699.011536
57862.257812
73647.187500
74373.710938
92258.203125
9641.412109
78765.234375
94644.523438
10149.032227
27490.652344
23933.078125
80975.273438
9505.275391
74674.031250
27722.363281
17331.062500
93772.382812
76087.203125
9669.138672
98111.859375
84528.304688
34154.968750
69247.343750
45652.417969
43440.808594
65403.867188
32399.326172
60050.218750
12998.598633
8127.503418
37800.714844
13696.609375
65988.757812
11446.903320
88069.320312
58245.960938
21087.316406
66833.554688
52889.484375
31235.347656
94323.210938
76821.562500
12209.625000
3827.483643
51494.597656
39930.988281
21157.546875
45265.984375
16017.189453
30825.685547
43376.839844
544.489014
64979.652344
12623.188477
46195.906250
8419.464844
78026.046875
78594.226562
68468.679688
91023.656250
86720.734375
6268.395020
4719.260254
52708.492188
17714.298828
92787.578125
10953.458984
38800.613281
59620.132812
63841.945312
70034.960938
53942.339844
40662.503906
82243.585938
57768.828125
92156.101562
22173.576172
78925.367188
37421.085938
38189.765625
9750.057617
80796.929688
38733.253906
74728.710938
93419.117188
84928.156250
83147.179688
71444.164062
63521.390625
51614.855469
62466.816406
50241.128906
57882.253906
67185.078125
2948.622314
75595.546875
59971.652344
13901.080078
14395.162109
19590.787109
77742.023438
84429.125000
73532.125000
18403.529297
66671.710938
31299.953125
10558.629883
88844.289062
10224.327148
47978.710938
27033.050781
19973.384766
28774.638672
65765.304688
94701.101562
22192.753906
50692.468750
77847.273438
93635.921875
14212.857422
29461.128906
56101.738281
64452.988281
87342.382812
23285.812500
67400.609375
62936.929688
83256.460938
81300.687500
77331.093750
2846.253906
59041.714844
61759.218750
76377.382812
77444.242188
28429.927734
7676.337891
88001.867188
17273.212891
17899.664062
35979.585938
44305.261719
37872.046875
64753.226562
10069.567383
32572.146484
86944.976562
60761.031250
10418.417969
80579.898438
74972.890625
39878.546875
36680.632812
39424.875000
27219.929688
59965.441406
6824.481445
90155.859375
43220.910156
88124.164062
67485.953125
46066.164062
47164.878906
29244.173828
22442.548828
24608.121094
57673.101562
30117.886719
12608.991211
74945.320312
48016.550781
48587.578125
19249.580078
85887.593750
13339.800781
29318.146484
18458.744141
283.779388
90078.179688
28876.160156
80862.671875
65050.070312
68753.710938
17542.310547
4473.947266
95972.640625
77506.757812
11297.428711
86127.500000
20726.667969
99420.601562
53612.457031
66791.828125
46584.476562
82855.632812
89233.382812
71191.593750
40527.734375
19350.265625
83799.585938
15472.049805
67365.820312
32386.164062
34720.632812
53252.414062
