000078
000048
000048
000048
000052
000050
000010
000000
-000124
000060
000096
000087
000041
-000106
-000042
-000114
000023
000052
-000102
000063
000096
000027
-000108
-000077
-000096
-000034
-000063
000044
-000061
000106
000005
000001
-000122
-000100
000057
-000006
-000025
-000003
-000120
000092
-000006
-000088
000115
000035
-000002
000009
000113
000006
000061
-000004
000069
-000114
-000025
-000119
000001
000119
000039
-000125
-000093
-000022
-000035
-000103
-000069
000084
-000011
-000091
000062
-000099
-000094
-000121
-000071
000092
000047
000044
000111
000030
000054
-000095
-000028
000099
-000099
-000039
-000079
000116
000098
000115
-000085
-000119
-000026
000014
000051
-000077
000103
-000034
-000057
000077
000115
-000042
-000086
-000042
000077
000083
000034
000060
000063
000082
000010
000117
-000029
-000018
-000103
000064
-000121
000010
000116
-000039
000109
000031
000018
000067
000029
000069
-000057
000117
-000044
000078
-000126
000071
000020
000044
000013
000097
000063
-000016
000094
000126
000002
000088
-000076
-000027
000007
000061
-000027
000126
000007
000073
000072
000101
000040
000042
000104
000069
000032
-000017
000122
-000012
000046
-000004
-000021
000002
-000024
-000007
000084
-000025
-000087
-000078
000086
-000101
-000054
-000006
000064
-000063
-000009
000021
000064
-000066
000030
000072
000019
000070
000034
000060
000075
000066
000043
-000122
000038
000025
000066
000018
000012
000027
-000053
000048
000002
000052
-000110
000024
-000049
000076
-000046
-000049
-000050
-000055
-000108
000014
000120
-000078
000022
000075
-000072
000056
000071
-000077
000107
000035
000041
000081
000060
000108
000035
000008
000071
-000082
-000024
000057
-000030
000122
000002
000097
-000121
-000044
000032
000085
000094
-000124
000019
-000122
000038
-000023
-000047
-000098
000017
-000039
000066
000044
-000004
000107
000078
000040
-000057
000097
-000031
000014
-000032
-000055
-000008
-000078
-000012
-000006
-000044
000059
-000114
-000076
000064
-000036
000057
000019
000098
000031
-000020
-000012
-000082
-000019
-000067
-000032
000026
-000087
000011
000088
-000127
-000045
-000119
000050
-000111
000089
-000084
000073
-000068
000096
000067
-000112
-000101
-000110
000068
-000101
000110
000045
-000098
-000111
000077
-000118
000053
-000021
000055
-000078
-000117
000081
000075
-000122
000105
-000100
000009
-000077
000127
000091
-000004
000043
-000092
000120
000075
-000088
-000008
-000090
000042
-000003
000049
000088
000042
-000049
-000039
000039
000025
000014
000018
000080
-000080
000077
000098
-000053
-000108
-000117
000024
000093
000046
-000105
-000072
-000037
000114
000077
000083
-000067
-000011
000012
000083
-000033
-000055
000068
000039
-000077
000003
000001
-000037
-000036
-000065
-000099
000044
000064
-000021
000062
-000005
000063
-000070
-000045
-000100
-000088
000026
000069
-000125
-000116
000082
-000121
-000007
000071
000083
000012
-000042
000028
000080
-000003
-000065
000019
-000018
-000102
-000017
000110
-000008
-000052
-000098
-000045
000010
000089
000018
-000060
000029
000094
000093
000039
-000093
-000096
000116
-000011
-000025
000109
-000020
000058
000058
-000062
000006
000122
-000080
-000058
000078
000094
000016
000061
-000052
000008
-000055
000106
-000101
-000060
-000076
000093
000072
-000111
-000068
000117
-000072
000031
-000058
-000036
-000059
-000083
000074
000113
-000024
000116
000052
-000082
-000082
-000092
000116
-000020
-000062
000069
-000022
000127
000013
-000093
-000087
000089
000055
000029
-000074
000112
-000098
000050
-000091
000023
000018
000107
-000013
-000041
-000039
-000019
000056
000113
000033
000044
000015
-000112
-000112
000068
000124
000067
000073
000038
-000126
000070
-000070
-000021
000095
-000031
000009
000006
000017
000103
000008
000119
000062
000010
-000110
000034
-000111
000091
-000049
-000054
-000052
-000015
-000074
-000100
000113
000055
-000032
-000083
000058
000025
-000060
000124
000015
000062
000103
000095
-000033
000048
000053
-000015
000072
-000019
000040
-000122
-000024
-000070
000104
000121
-000042
000056
000003
000098
-000023
000106
-000002
000074
000097
-000114
-000073
-000101
-000105
000123
000023
000103
-000087
000062
-000058
-000119
000031
-000069
000058
000103
-000104
000018
-000035
000080
-000116
000006
000122
000098
000046
000125
000117
000007
-000089
000099
000017
000008
-000078
-000056
-000109
000025
-000012
000106
000112
000093
000089
-000010
-000026
000120
-000079
-000048
-000097
000074
-000030
000060
000074
000047
000050
-000060
-000127
000080
000050
-000010
000023
-000039
000042
000040
-000094
-000052
-000079
000053
-000091
-000091
000080
000022
000002
000121
000012
-000103
-000031
000110
000057
000064
000120
-000036
000108
-000062
000011
-000113
000119
000076
-000081
000121
000003
-000121
000018
000029
-000081
-000092
-000071
000016
-000118
000078
-000075
-000102
000036
000104
000019
-000031
-000047
-000076
000079
-000006
-000028
-000121
-000106
000064
-000007
-000111
-000097
000048
-000098
-000001
-000087
-000095
-000122
000108
000126
-000027
-000048
-000009
-000058
000090
000069
000043
-000076
000026
-000109
-000073
-000005
000036
000091
000010
000015
000063
000065
000101
000064
000058
-000009
-000097
000107
-000107
-000098
-000044
-000010
-000044
000048
000116
-000118
-000063
000091
000064
-000053
000096
000107
-000128
000122
-000065
000039
000053
-000029
000067
000047
-000078
000066
000112
000024
-000126
000107
-000049
000018
-000042
000020
000112
000090
000010
000069
000075
000046
000127
000012
-000119
000127
-000057
-000087
-000086
000007
000036
000105
000031
000073
-000003
000034
000057
000111
000100
000105
000071
-000041
-000044
000006
-000087
000106
-000038
000025
-000123
-000108
000014
-000048
-000110
000077
-000116
000011
-000052
000083
000117
000119
000075
000089
-000112
000042
000098
000077
000012
-000117
-000067
000112
-000075
-000012
000007
-000119
-000085
-000080
-000076
000069
000122
000041
-000038
000072
-000071
000092
-000106
000069
000040
000098
-000120
-000099
-000119
-000109
-000010
-000038
000125
000072
000039
000073
-000108
-000044
-000070
000073
-000119
-000127
-000110
000036
-000014
000006
000105
000092
000047
000003
-000092
-000088
000096
000058
-000035
000072
000093
000038
-000091
-000090
000121
-000101
-000128
-000073
-000109
-000104
000000
-000025
000044
000122
-000016
-000091
-000020
000067
-000055
-000050
000057
-000013
-000022
000025
-000010
-000114
-000063
000006
-000119
-000113
000078
-000042
-000091
-000013
000060
000030
000078
-000083
-000059
-000094
000069
-000074
000073
000049
-000016
000058
-000057
-000052
000109
000080
000090
000102
000067
000068
000127
-000006
-000061
000049
000000
000012
-000128
000015
-000094
000021
000002
-000050
-000013
000001
000123
000121
000099
-000128
-000017
-000084
-000094
-000049
-000090
000057
-000100
000003
-000119
-000074
000042
-000115
-000005
-000087
000119
000126
-000118
000055
000122
000010
000054
000028
-000033
-000023
-000086
-000045
-000070
000038
000060
000013
000086
000027
-000071
-000072
-000022
000080
-000015
000070
000019
000043
-000067
000045
-000088
-000088
-000105
000031
-000026
000033
000070
000096
-000036
000061
000044
-000069
000038
-000058
000126
-000048
-000084
000122
-000051
-000061
000085
000070
000123
000000
000070
000029
000006
000026
000072
-000061
000007
-000080
000107
-000114
-000113
000065
000096
-000123
000097
000060
-000078
000077
-000025
-000040
000020
000038
000088
000112
-000112
-000027
000051
-000090
-000020
000095
-000106
000050
000124
-000100
-000004
-000124
000096
-000012
000052
-000117
000066
000115
-000115
000098
-000008
-000034
-000114
-000085
000028
000054
000067
-000016
000012
000092
000096
000092
000049
000068
-000014
000029
-000093
-000120
000016
-000033
000021
-000052
000099
000053
-000080
000087
-000080
-000077
-000118
000045
-000043
-000126
-000052
000036
000029
-000072
000074
000097
-000104
000022
-000083
-000088
000114
-000098
-000020
000085
000124
000079
-000035
000124
000046
-000078
000008
000081
-000041
000121
000104
000072
000044
-000030
000117
-000079
000085
000065
-000043
000066
-000071
000015
000083
000001
000037
000000
-000086
000088
000095
000086
-000083
-000053
-000090
000058
000007
-000124
-000083
-000001
-000042
-000124
000120
-000018
-000052
000084
-000047
000002
000006
-000026
000003
-000053
000040
-000083
-000101
000108
-000082
-000128
000044
000024
-000056
000123
000047
000053
000006
-000043
000048
-000051
000089
-000035
-000115
-000033
000033
-000075
-000050
-000082
000010
000095
-000096
-000048
000053
000099
000091
000077
-000064
-000074
-000071
000047
-000009
-000090
000007
000127
000017
000054
-000091
-000040
-000005
-000043
-000091
000021
000098
000050
-000076
-000125
-000024
000114
-000031
-000094
-000111
000065
000050
-000074
-000107
000125
000004
000085
-000012
000125
000068
-000037
000019
000076
000074
-000011
000114
-000081
-000051
000062
000068
000034
000067
-000106
000021
-000073
-000038
-000083
000026
-000069
000079
000107
-000019
000065
000018
000066
-000066
-000042
000087
-000094
000019
-000116
000061
-000025
-000056
-000120
-000052
-000006
-000009
000089
000056
000044
000059
000043
-000126
000064
-000045
000076
-000019
-000083
-000008
-000004
000024
-000091
000061
-000022
-000041
-000068
-000064
000030
000030
-000060
-000086
000076
-000085
000050
-000108
000055
000045
000123
-000128
000021
000087
000123
000065
-000038
-000068
-000044
000038
000105
000081
-000034
000086
000089
-000125
-000109
000052
000026
000063
-000092
000057
000014
000104
-000093
000090
-000045
-000106
-000098
-000054
-000125
000025
000010
-000120
000097
000118
-000119
000059
000050
000045
000017
-000117
000110
-000016
-000095
-000072
000051
-000027
-000100
000062
-000028
000064
000055
-000030
000105
-000102
000060
-000004
000032
-000054
-000073
-000093
-000092
-000079
-000020
-000059
000039
000053
-000064
000025
000083
-000047
000085
-000079
000113
-000010
000089
000101
-000037
-000059
000099
-000080
-000058
-000102
-000110
000047
-000012
000127
-000021
000021
000009
-000110
000120
-000099
000020
000084
000034
-000005
-000118
-000046
000005
-000099
-000108
000074
000062
-000043
000000
000104
000042
-000052
000029
000093
000108
-000045
-000025
-000066
-000062
-000100
-000003
000094
-000079
000007
-000016
-000023
000100
-000060
-000018
-000121
-000080
000056
000025
000101
-000059
000109
-000081
000003
000051
000111
000091
000045
000043
000057
000123
000087
-000052
000034
-000042
000079
-000066
-000045
-000083
000047
-000054
000093
-000055
-000033
000018
-000073
000038
-000126
-000081
000047
-000041
000116
-000099
000070
000055
-000048
-000091
000083
-000083
-000111
-000116
000024
-000024
000024
-000005
-000066
000087
-000087
000066
000004
-000103
000012
000082
000098
-000085
000036
-000039
-000063
-000106
000120
-000015
000061
-000020
000062
000067
-000045
000014
-000040
000038
000107
000105
000098
000068
000018
000123
000063
-000112
-000110
-000040
-000046
-000121
000049
-000097
-000103
-000125
000058
000125
000076
-000004
-000045
-000060
-000083
-000048
000112
-000021
000003
000052
-000087
-000037
000026
000020
000005
000125
000088
000023
-000088
000071
-000089
000042
-000016
000058
000113
000017
-000055
-000054
000085
000003
000007
-000095
-000065
-000038
000038
000028
-000102
000086
-000009
-000099
000074
-000096
000057
000037
000117
-000018
000098
000125
000005
000010
-000059
000092
-000012
-000091
-000106
000102
-000122
000079
-000032
-000037
000019
-000024
000061
-000110
-000126
000035
-000097
000029
000041
-000106
000106
000116
-000009
000099
000089
000044
000081
-000085
000105
000006
-000091
000046
000099
-000119
-000109
-000087
-000097
-000054
-000071
000080
-000107
-000116
000040
-000110
000014
-000102
-000091
-000083
000119
-000049
000004
-000030
000003
-000005
-000011
000076
-000025
000055
-000089
000064
000061
000060
000047
000080
-000123
000114
-000070
-000027
000060
000115
000053
-000046
-000017
000077
000084
-000067
-000089
-000070
000107
000031
000073
000111
-000079
-000004
000042
-000090
000008
000001
-000099
-000097
000001
-000053
-000037
000032
-000021
000032
-000109
-000107
-000043
-000065
-000056
-000006
000081
000119
000007
000102
000053
-000081
-000032
000096
000126
000025
-000113
000047
000021
-000087
-000043
000013
000106
000099
000108
000043
-000002
000071
000060
-000103
000039
-000113
000047
-000019
000014
-000025
-000105
000080
000047
-000113
000118
000084
-000002
000070
000116
000124
000031
-000013
-000101
000036
000092
000048
-000015
000118
000083
000093
-000111
000001
000084
-000115
-000101
000059
000028
-000070
-000040
000027
000113
000112
000043
-000112
-000001
-000111
-000092
-000067
-000105
-000056
000041
-000074
-000069
-000124
-000102
-000041
-000076
000075
000061
-000056
000104
-000097
-000055
-000084
000044
000084
-000089
-000007
-000050
-000128
000020
000000
-000032
-000001
000064
-000097
-000112
-000091
000076
-000025
000093
000053
-000115
000025
-000071
-000025
-000096
000045
000050
-000034
-000027
-000118
000125
000095
-000010
000089
000115
-000099
000082
000066
000013
000038
-000014
-000083
000021
000050
000060
000085
-000057
000072
000044
-000027
000125
-000119
-000066
000038
000112
000078
000020
000082
000044
-000023
-000036
000105
000008
-000046
-000125
000124
000112
-000059
000126
000045
-000084
000096
-000037
-000079
000082
-000041
-000057
-000038
000032
-000077
-000081
000093
-000019
000093
-000124
000077
-000085
-000120
-000096
-000104
000049
000076
000001
000058
-000033
000052
000118
000063
-000006
-000028
000044
000102
000004
-000073
-000057
000086
-000113
-000114
000032
000111
-000014
-000113
-000068
-000033
-000020
-000016
-000004
000088
000056
000092
-000016
000106
-000103
-000095
000100
000104
-000042
-000102
000087
-000112
000062
-000125
-000026
000066
-000005
-000099
000072
-000118
-000020
000041
-000023
-000034
-000088
-000107
000125
000085
-000122
000105
-000099
-000066
-000058
000125
-000024
000015
-000034
000012
000119
000116
-000090
-000114
-000012
-000028
-000047
-000118
-000042
-000052
-000024
000031
000070
-000044
000072
-000033
000098
-000080
000053
-000033
-000011
000123
000008
-000110
-000007
-000066
-000049
-000094
-000115
000110
-000082
-000060
-000046
000021
000082
-000073
-000087
000020
000001
000064
-000096
-000023
000095
-000105
000125
000103
000118
-000097
-000041
000107
000062
-000051
-000026
000055
000031
-000096
-000091
-000081
000066
000051
000013
-000096
-000025
-000097
000101
-000006
000038
-000049
-000050
000040
000015
000094
000001
000110
-000011
000063
-000107
000044
-000034
000108
-000121
000013
-000007
000062
000052
-000039
-000114
-000087
000120
-000064
-000052
000069
000032
000116
-000028
-000122
000094
-000005
000085
000028
000019
000036
000122
-000028
-000110
000032
000019
-000025
000060
-000078
000067
-000125
-000065
-000003
-000127
-000077
-000058
000015
000076
-000002
-000113
000009
000067
000112
000061
-000025
-000058
000091
-000030
-000037
000119
-000059
-000001
-000095
000090
000065
-000127
000109
000040
-000083
-000033
000043
000001
-000114
000024
000050
000065
-000098
000066
000126
-000116
-000127
000087
-000049
-000015
000084
-000073
000119
-000097
000089
000066
000022
000015
000049
000119
000041
000050
-000023
000086
000074
000086
000054
000054
000023
-000060
000062
000074
-000058
-000099
000060
000052
000041
-000067
000075
-000023
000111
-000113
000096
-000026
000046
000121
-000039
-000012
000072
-000054
000043
000097
-000003
-000044
-000072
000071
000043
-000034
000109
000050
-000110
000108
000060
000024
000009
000120
000060
000034
000038
000071
-000053
000085
-000106
-000021
-000005
-000060
000085
-000044
000120
-000115
-000113
000100
-000017
-000116
000040
-000105
-000125
000067
000037
-000015
000054
000119
000029
000114
-000112
-000042
-000037
-000116
-000008
-000063
-000044
000116
-000026
000090
000031
-000047
-000033
000100
000086
000023
-000078
-000027
000107
-000111
000049
-000124
-000024
-000076
-000105
000013
000085
-000067
000068
000114
-000016
-000060
000056
-000117
000081
-000015
000012
-000043
000037
-000030
-000017
000068
000115
-000114
000105
-000055
-000106
000027
000110
-000063
-000084
-000113
000069
000068
-000012
-000051
000017
000073
000074
000085
000108
000058
-000038
000116
-000075
-000037
000037
-000127
000112
000058
000099
000095
000063
-000121
-000034
-000104
000064
000068
-000077
000095
-000011
000015
-000082
-000005
000019
-000094
-000120
000036
-000100
-000046
000057
000008
-000067
-000045
000060
000050
-000098
000082
-000076
-000050
000076
-000057
000046
000075
000078
-000052
-000045
000079
-000048
000070
-000082
-000123
000021
000076
000112
-000024
-000081
-000024
000012
000075
000123
-000010
000019
-000008
-000119
000063
000042
000040
000081
-000098
-000074
-000114
000086
-000044
-000103
000100
000096
000045
-000093
000032
000099
000065
000086
000057
000078
-000058
000033
-000003
000111
-000018
-000008
-000086
-000092
-000005
-000110
000029
000058
000124
000005
000060
000011
-000084
-000118
000097
000064
000019
-000123
-000095
000048
000025
-000127
000100
000042
-000041
000093
000120
000094
000110
000037
-000051
000028
000029
000039
-000064
-000040
-000071
-000098
-000061
000037
-000109
-000001
000048
000015
000121
000065
000064
000076
-000073
-000095
000125
-000096
000034
-000111
-000070
-000070
-000034
-000029
000008
000012
000008
-000123
000041
-000042
-000084
-000103
-000098
000037
000039
000097
000074
-000069
000016
000059
-000070
-000119
000060
-000054
-000106
-000077
000091
000003
000067
000062
000084
-000018
-000024
000050
-000047
-000080
000046
-000103
-000011
000023
000095
000097
-000079
-000066
000118
-000056
-000033
-000128
000083
-000016
-000085
-000050
000057
-000088
-000120
-000065
000091
-000028
-000126
-000097
000018
-000042
-000115
-000070
-000072
000030
000042
-000089
000103
-000033
-000066
-000121
000048
000031
000069
000102
-000088
-000028
-000026
-000005
-000044
000082
000121
-000066
-000006
-000014
000125
000069
-000106
-000064
-000044
000104
-000122
000033
-000030
000063
-000001
-000068
-000090
000087
-000117
000084
-000050
-000069
000052
-000045
000017
-000036
-000073
-000073
-000121
000060
000009
000001
-000006
-000061
-000077
000055
-000007
000009
-000009
-000099
000049
000062
000127
000003
000125
000110
000127
000019
000117
000010
000039
000067
-000075
000091
-000042
-000122
-000009
-000114
000013
000111
000122
-000057
000048
000116
000122
-000093
-000101
000115
-000084
000083
-000047
-000115
-000111
000064
000080
-000066
000094
-000049
-000111
-000044
-000055
-000072
-000041
000062
-000044
-000082
-000060
-000069
-000004
-000127
000042
000102
000072
000026
-000102
-000061
-000067
-000011
-000010
000089
000072
-000073
-000026
-000039
-000073
000054
000087
000022
-000075
-000024
-000038
000126
-000095
-000127
-000084
000037
-000017
000048
-000032
-000037
-000078
-000069
000001
-000022
-000043
-000101
000109
-000125
000081
000100
-000100
-000103
000027
000067
000035
-000061
000057
000122
-000103
-000017
000083
000051
000109
-000076
-000092
000026
-000055
-000124
000010
000105
000031
-000084
000036
000033
000087
-000022
000108
-000060
000109
-000067
-000024
-000055
000023
-000060
000012
-000006
000071
000054
000036
-000048
000037
000055
000003
000066
-000085
000103
000012
000116
-000021
000007
-000114
-000053
000115
-000078
-000084
-000102
000076
000024
000031
000121
-000122
-000009
000051
000093
-000085
000047
000007
-000014
000037
000043
-000062
000058
000099
-000123
000125
-000002
-000035
000073
000051
-000120
000080
-000063
000083
-000060
000035
-000065
000014
000112
-000120
000029
-000023
-000050
000021
000012
000027
-000080
-000004
000034
000099
000033
000013
000021
000092
000096
000075
-000119
000031
000040
-000110
000018
-000128
-000045
-000061
-000124
000087
-000026
000051
000101
000070
-000069
000115
-000016
000121
000072
-000004
000100
-000072
-000024
000070
000011
000010
000068
-000031
000022
000100
000044
000111
-000125
000020
-000015
-000123
-000124
-000124
000008
000008
-000101
-000081
-000004
-000015
-000075
-000073
000036
-000107
-000015
000044
-000126
000069
-000044
000042
000124
-000032
-000012
-000064
-000063
000010
000020
-000083
000041
000088
-000079
-000037
-000099
000005
000095
000102
-000002
-000005
000021
-000006
-000084
-000070
000113
-000112
000016
000082
-000084
-000110
-000104
-000128
000124
-000044
000032
000097
-000124
-000095
000043
000088
-000002
000085
-000128
-000081
000032
000030
-000091
000063
000116
000099
-000006
000073
000029
-000106
-000061
-000114
-000026
-000061
-000095
-000110
000021
-000007
-000045
-000126
-000067
-000077
-000093
000001
000005
-000066
000089
000003
-000045
-000102
-000093
-000077
000104
000008
-000013
-000036
000043
-000035
-000027
000072
000052
-000104
-000106
000026
000092
-000009
000109
000097
-000032
000000
-000093
-000099
-000093
000054
-000098
-000104
-000011
-000072
-000116
-000056
000018
-000017
000108
000122
-000073
000031
000022
-000030
-000068
-000021
-000022
-000080
-000125
000064
-000117
-000097
000040
-000024
000001
000008
-000024
000100
000102
000123
-000101
-000060
-000044
000080
000124
000096
-000040
-000114
000015
000004
-000072
-000074
000019
-000066
-000104
-000112
-000087
000066
000064
-000019
-000126
-000069
-000116
-000086
000115
000077
-000093
000075
-000078
-000039
000119
000013
-000115
000059
000093
000010
000091
000037
000072
000090
-000022
-000063
000016
-000003
000127
000104
000077
000041
-000102
000062
000022
000012
-000007
000098
000119
000029
-000080
-000038
000104
000034
-000093
-000097
000047
000048
-000102
000060
-000006
-000027
000049
000003
-000001
000011
-000060
-000049
-000055
000067
000039
000006
000044
-000127
000068
000050
000078
-000002
000085
-000075
000027
-000011
000079
000051
000023
-000030
-000061
-000010
000002
000029
000050
-000067
-000013
000083
-000080
-000078
000095
000052
-000126
000040
000103
000089
-000018
-000124
-000037
000035
000118
-000039
-000031
-000053
-000114
-000020
-000128
-000051
000031
000071
000111
-000094
000061
000049
-000080
000047
-000034
000115
-000125
000078
000021
-000094
000114
000087
000122
-000038
-000095
000040
000030
000124
000075
000084
000069
-000020
000016
-000109
-000040
000080
000032
-000072
-000104
000127
000026
-000059
000112
-000118
-000027
000063
-000019
000040
000125
-000061
000122
-000064
000010
-000060
000074
-000085
-000020
000104
-000041
-000008
-000084
-000020
-000044
000124
000047
-000083
-000051
000015
000037
000021
000126
000047
-000038
-000081
-000086
000127
-000034
000087
000103
000043
-000054
-000095
-000037
-000043
000085
000021
000064
000002
000061
-000040
-000022
-000086
-000124
-000066
-000026
000116
000043
-000093
000115
000000
-000072
-000062
000048
000067
000097
-000102
-000126
000063
-000095
-000086
000026
000108
000075
-000074
000001
000097
-000117
000001
000083
-000055
-000055
-000019
000035
000014
-000085
000009
000114
-000121
000109
-000027
-000121
-000043
-000105
000103
000024
-000008
-000015
000091
-000025
-000109
000005
-000046
-000081
000000
000120
-000080
000081
-000061
-000095
000100
000076
000043
000081
000095
000041
-000083
000105
-000101
000052
-000122
000048
000123
000091
-000104
-000045
000052
000064
-000060
-000113
-000008
000007
000084
-000070
-000122
000084
-000014
000038
000102
-000091
-000120
-000118
-000078
-000093
-000052
000017
-000116
000073
000042
000023
000109
-000080
000007
-000040
000012
-000113
-000085
000064
-000048
000048
000127
-000072
-000009
-000109
000050
000126
-000041
000020
000100
-000003
000121
-000036
000120
000027
000063
000020
-000019
-000069
000077
000007
-000110
000122
-000120
-000102
000018
000068
-000023
-000066
000068
-000087
-000082
-000061
000033
-000091
000070
000067
-000045
-000035
000023
000040
-000101
000081
-000060
-000045
000028
-000012
-000089
000009
-000081
-000092
-000047
-000014
000030
000073
-000116
000048
-000115
000101
-000082
-000063
-000033
000076
000068
-000016
-000078
000074
000004
000053
-000025
-000037
000029
000114
000028
-000094
000005
000057
-000122
-000100
-000014
-000011
000064
-000077
-000025
000030
-000004
000051
000079
000073
000089
-000019
-000054
000040
-000006
-000002
-000040
000092
000056
-000100
-000111
000032
000104
000111
000082
000052
000017
000088
000045
000087
-000076
000016
000076
-000011
-000125
-000012
000019
000064
000023
000018
000121
000032
-000064
000052
000056
-000070
-000014
-000047
-000042
000043
000045
000039
000011
000069
-000106
000077
000122
-000105
000101
000087
-000082
000026
000039
-000005
-000049
-000085
-000097
-000046
-000021
000102
-000075
000036
-000121
000101
000088
000127
-000033
000011
000080
-000091
000054
000062
-000116
-000015
-000125
000019
-000002
-000067
000106
000100
000005
000025
000126
000044
-000060
000061
-000041
000099
-000049
-000126
-000055
000116
-000105
000000
-000039
-000081
-000128
000120
-000086
-000112
-000035
-000112
-000066
000090
-000127
000002
000109
-000128
-000081
-000105
-000092
-000076
000112
000018
-000095
000036
000015
000056
000071
-000098
-000085
-000047
000019
000002
-000047
-000084
-000095
000017
-000027
000012
000082
-000062
-000100
-000032
000028
-000034
-000046
000057
000078
000114
-000047
-000014
-000026
-000015
-000060
000119
-000042
-000125
000112
000029
000033
000011
-000098
-000012
-000051
000048
-000111
000110
-000015
000118
000058
000067
000040
-000057
000020
000005
-000107
-000026
000062
-000077
000008
-000001
000085
-000017
-000031
000025
000038
-000073
-000100
-000122
-000108
-000083
000081
-000013
000082
000030
000019
-000029
000077
000004
000025
000119
000072
000001
000046
000028
000006
-000109
-000014
000053
000054
-000005
-000012
000075
-000038
-000107
000084
-000064
000012
-000080
000055
-000095
000014
-000120
000084
000096
-000105
000103
000003
-000108
000043
000028
000011
000099
-000035
-000006
000127
-000108
000061
000050
-000055
000052
000029
000109
000111
-000073
000003
-000060
000039
-000001
000100
000094
000096
000050
-000105
-000092
-000110
-000018
-000053
-000107
-000126
-000025
000113
000125
000010
-000001
000039
000074
-000109
000101
000108
000028
-000119
000073
-000119
-000008
-000064
000060
-000084
-000025
000012
-000047
000054
000028
000003
-000115
-000063
000086
000107
000076
-000037
-000035
000051
000013
000026
000062
000012
000050
000056
-000113
-000105
-000092
-000085
-000032
-000035
-000028
-000056
000093
000033
000053
000052
000029
000006
000026
000057
-000055
-000089
-000070
000015
-000046
000007
-000085
-000097
-000006
-000072
000122
-000024
-000076
000108
000032
000003
-000061
000116
-000098
-000109
000017
000082
000091
000110
000099
-000128
-000109
000080
000070
000109
000074
000016
000005
000004
-000033
-000057
-000053
-000118
000055
-000074
000050
000113
000078
-000106
-000035
000111
-000103
-000112
-000029
-000009
000035
-000011
000058
000062
000019
000093
000127
-000106
-000098
-000075
000004
-000040
-000123
-000055
-000100
000085
000080
000088
-000097
000071
-000050
-000126
-000088
-000036
-000024
000117
-000005
000114
-000059
-000033
000025
-000088
-000124
000083
-000041
-000105
000113
000086
-000018
-000001
000011
-000078
-000089
000065
000043
000051
000086
000123
000075
-000027
-000077
-000039
000039
000075
-000090
000000
-000127
-000095
000050
000070
000064
000075
-000017
-000124
000095
-000122
-000052
-000064
-000052
000122
000127
-000121
000028
000038
-000056
000071
000025
000030
-000126
000101
-000060
000037
-000002
-000085
000065
000100
000123
-000062
-000058
-000099
-000056
-000010
-000087
-000089
000043
-000056
000029
-000073
-000120
-000087
000049
000007
000049
000013
-000019
-000071
000020
-000010
-000104
-000122
000027
000076
000108
-000054
-000057
-000099
000030
000051
000031
-000028
-000048
-000041
-000117
000057
000047
000118
000001
000012
000045
000121
-000074
000030
000064
-000089
-000037
-000019
000080
-000033
-000092
-000040
000037
-000081
-000028
000081
000057
-000084
-000082
000088
-000049
-000067
-000020
000095
000069
000055
-000103
000116
-000083
-000118
000064
-000102
-000044
-000010
-000088
-000044
000077
-000125
000114
-000114
000034
000006
000102
000072
000117
000011
000089
-000081
-000089
-000008
-000057
000054
-000075
-000077
-000107
-000006
-000085
-000018
000046
000088
000057
000047
-000093
-000051
-000043
000075
000081
000035
-000113
-000061
-000095
-000095
-000055
-000057
-000087
000063
-000046
-000013
-000082
000057
-000021
000101
000111
000080
-000040
-000059
000011
000115
000115
-000007
-000116
-000100
000024
000047
000041
-000034
000058
000123
-000015
-000071
000062
000098
000027
-000056
000041
-000060
-000057
-000068
000119
000101
-000075
000082
-000118
000037
000115
000034
-000086
000110
000086
000013
000087
-000110
000106
000048
-000079
-000125
000014
-000085
-000002
-000001
000085
-000019
000017
000048
000117
000042
-000028
000044
-000090
000092
000081
000076
000110
-000053
000049
-000047
-000099
-000053
-000001
-000013
-000104
000023
000117
000002
000055
-000026
000070
000069
-000110
000068
-000012
-000089
-000015
000005
-000057
000086
-000017
000123
000050
-000122
-000121
000115
-000110
-000010
-000002
-000125
-000121
-000100
000014
000119
000079
-000090
-000114
-000123
000105
-000059
000043
-000081
-000070
000125
-000077
-000082
000020
-000107
-000077
-000101
-000101
000082
-000041
-000050
-000040
000078
000001
000058
000004
000000
-000083
000124
000092
-000117
-000077
-000101
000034
000001
-000032
000091
-000074
-000004
000010
000048
000105
000109
-000034
000062
-000062
000065
-000039
000094
-000109
000096
-000020
000044
-000081
-000019
000038
-000093
-000035
-000044
-000033
-000007
000079
-000110
-000107
000049
-000125
000101
000124
-000007
000033
000070
000041
-000117
-000076
-000073
-000071
000118
-000056
000082
-000108
000076
-000093
000112
000072
000082
000094
000094
-000075
-000005
-000030
-000123
-000011
-000014
-000041
000058
000019
000075
000095
000080
000004
-000127
000086
000030
-000004
-000054
-000107
000117
000049
000078
-000073
-000075
-000102
000090
-000026
-000046
000108
000052
-000016
-000046
-000033
-000045
000087
-000044
-000075
000030
-000050
-000120
000041
000030
-000104
000030
000095
-000017
-000004
000075
-000087
-000111
-000128
-000118
-000049
000055
000000
000041
000082
-000042
-000069
-000082
-000054
-000084
-000128
-000087
000047
-000105
000046
-000028
000118
-000084
000044
-000097
-000054
-000075
000125
-000039
000100
000121
000036
-000067
-000005
000100
000008
-000118
-000116
000008
-000076
-000050
-000050
000047
000044
000088
-000053
000109
-000079
-000006
-000012
-000097
-000114
000090
000060
-000085
-000070
-000058
000032
000039
-000096
-000124
000097
-000124
000001
000012
-000039
000009
-000106
000037
000001
000010
-000029
-000113
000042
-000049
-000089
-000075
000060
000073
000112
-000015
-000088
-000018
000011
-000028
000089
-000075
000107
000121
-000099
-000053
-000067
-000066
000079
-000065
-000054
-000040
-000120
000016
-000003
000074
000027
-000112
-000103
000005
000096
000049
-000086
000092
000058
000010
000061
-000046
-000071
000057
000119
000018
-000082
-000110
-000116
000075
000093
000009
-000007
000092
-000120
000115
000053
000001
-000124
-000030
000075
-000113
000115
-000108
000084
-000109
-000059
-000018
-000033
-000065
-000055
-000035
000082
000114
000006
-000071
000068
-000076
000011
-000112
-000064
000088
-000102
000121
000116
000018
-000019
000105
000019
000113
000076
000030
000000
000127
-000093
000004
-000046
000040
-000014
000097
-000024
000123
000062
000058
-000083
000052
-000077
-000014
-000087
-000082
-000126
000089
-000058
000012
-000046
000058
-000017
000111
000100
-000062
-000048
-000096
-000047
-000112
-000033
000052
-000124
000097
000028
000071
-000062
-000060
-000078
-000015
-000002
000080
-000027
000097
000050
-000114
-000049
000116
-000089
000085
000065
000058
-000112
000032
-000087
-000028
-000046
000122
000068
000099
-000070
-000045
000071
000063
000052
000100
000118
-000026
000040
000024
-000105
-000025
000040
000125
-000008
000026
-000053
-000056
000127
000051
000029
-000128
000045
000093
-000112
-000058
000001
000034
000000
000005
000054
-000069
-000040
000125
-000022
-000052
-000079
000032
-000077
-000102
-000008
000010
000049
000033
-000121
000041
000059
000019
-000079
000122
000006
000127
-000022
000051
-000084
000058
-000007
000110
000029
-000086
000115
000083
000085
000012
-000112
-000001
-000056
-000014
-000017
000059
-000116
-000041
000070
000109
-000008
000125
000086
-000028
000080
-000008
000030
000086
000071
-000007
000121
-000029
-000013
000051
000065
000000
-000051
000117
000067
-000014
000113
-000108
-000079
-000007
-000122
-000112
000053
-000062
000103
000043
000047
000032
-000088
-000123
-000060
-000071
000061
-000046
000015
000116
-000117
000073
000024
000111
000108
000025
000047
-000007
-000114
000099
-000037
-000065
-000073
-000116
-000071
000045
000028
-000098
-000017
000051
-000103
-000034
000083
000049
000083
-000041
-000070
-000111
-000102
000122
-000059
-000027
-000077
-000099
000084
-000033
-000073
000116
-000040
000005
-000105
000115
000117
000014
-000065
-000018
000043
-000117
-000116
-000038
-000066
000021
-000072
-000046
000006
-000053
-000103
-000127
000028
-000013
-000021
-000094
-000055
-000098
000047
-000035
000125
-000026
000001
000005
-000100
-000104
000056
000017
-000106
-000025
-000001
-000127
000114
000059
000075
-000016
000016
-000061
000114
000022
000063
-000004
-000121
000091
-000081
000050
-000019
000120
-000048
000029
000070
000013
-000077
000071
-000046
000015
-000096
-000006
000032
-000026
-000095
-000049
000040
-000045
000010
000051
-000076
-000022
-000025
000038
-000079
000038
-000030
-000008
000065
-000110
000043
000031
-000054
-000005
-000004
-000048
-000071
-000097
-000040
-000117
-000081
000104
000070
-000113
000030
-000025
000031
000054
-000085
000041
000106
000031
-000044
000017
000005
000117
000055
-000088
000109
000104
-000022
-000104
000071
-000076
-000108
000051
000117
000013
-000109
000013
-000120
000002
000117
-000114
000065
000067
000102
000096
000122
-000047
000074
-000108
-000016
000014
-000091
-000091
-000125
-000116
000077
-000016
-000028
000039
000121
-000020
-000100
-000051
-000049
-000047
-000054
000082
-000050
000018
000020
000067
-000095
000086
000070
-000057
-000090
-000080
000088
-000032
000068
000056
-000034
-000039
-000099
000033
000085
-000037
000002
-000006
000002
000059
-000090
000094
000008
000101
000031
-000110
-000120
-000019
000100
-000116
-000032
-000059
-000046
000023
000124
000121
-000057
-000060
000089
-000068
-000068
-000008
000085
000074
000009
000107
-000027
-000053
000037
-000089
000006
-000069
-000010
-000066
-000016
000021
000016
000104
-000013
000117
-000011
-000045
000042
-000057
-000070
000103
000000
000050
000043
000010
-000018
-000088
-000078
000003
-000062
-000069
000046
-000105
000071
000067
-000002
-000003
-000050
-000012
-000068
-000081
-000006
-000116
-000041
-000083
-000015
-000116
000064
-000020
000004
-000021
000083
-000012
000029
000062
-000002
-000053
-000026
-000080
-000066
-000104
000044
-000019
-000017
000035
-000016
-000034
000032
000111
-000046
-000100
-000034
-000116
000041
-000075
-000007
-000038
000050
-000006
-000074
000054
-000027
-000007
-000022
-000062
000056
-000087
-000115
-000050
000009
000011
000087
-000011
-000088
000006
000024
000089
-000028
-000007
-000056
000103
-000123
-000090
-000077
000110
000011
-000099
000057
-000003
-000121
-000081
-000013
000044
-000087
-000034
-000082
-000111
000119
-000005
000095
000064
-000074
000118
000038
000095
000125
-000002
000120
000081
-000025
000000
000120
000045
-000106
000028
-000117
-000095
000121
-000124
000095
-000064
000036
000082
-000020
-000115
000032
-000118
000014
000087
000069
000045
000072
-000005
-000092
000110
000026
000017
000092
-000110
000018
000068
-000126
-000117
000097
-000040
-000089
-000100
000058
000016
-000031
-000103
-000112
000005
-000021
000108
000066
-000068
-000074
000080
-000045
-000021
000109
000011
-000042
000001
000121
-000079
-000046
-000106
000051
-000027
-000102
000118
000112
-000021
000078
-000057
000087
-000120
-000105
000040
-000031
000039
-000019
-000067
000067
000031
000057
-000007
000047
-000004
-000092
-000099
000008
000074
000094
000065
-000021
-000015
-000089
-000033
-000042
000049
000085
-000010
-000036
-000109
-000067
000036
-000036
000068
000012
-000067
000091
-000022
000058
000110
-000039
000115
000087
-000007
000048
-000053
000086
-000008
-000059
-000076
000009
000113
000101
-000095
000080
000043
-000046
000085
-000031
-000097
-000024
-000114
-000061
-000124
-000110
-000097
-000014
-000067
000121
000044
000027
000019
000080
000050
000012
000064
-000019
000082
000056
000115
-000058
000049
-000028
000028
-000110
-000028
000007
000085
000057
-000039
-000012
-000047
000039
000119
000070
-000070
000006
000008
000103
000064
000036
000115
000083
000052
-000091
000015
000116
000083
000097
000108
-000122
000023
000094
000090
-000013
-000016
000062
-000021
000053
000039
-000076
-000023
-000008
-000101
000096
000062
000069
000039
000054
-000083
000039
000027
-000032
000058
000015
000069
000057
000084
000088
000090
-000080
-000034
000097
000014
000040
000069
-000017
000038
-000016
-000028
000077
000100
-000050
000054
-000017
-000034
000052
000053
-000059
000043
-000094
-000100
000006
000066
-000042
000021
-000121
-000049
000041
-000032
000025
-000054
000110
000075
-000104
-000105
000080
000071
000125
000048
000044
000123
000084
-000086
000113
000067
000072
000101
000056
-000050
000080
-000102
000106
000070
-000036
-000015
000028
000036
-000128
000053
-000060
-000118
-000049
000034
-000107
000088
000121
-000043
-000113
-000089
-000059
000123
000034
000025
-000027
000083
000012
-000018
-000088
000005
-000084
-000087
-000097
000006
-000017
000060
-000073
-000053
000032
000040
-000047
-000028
-000126
000080
-000058
000007
-000088
000048
-000100
-000008
-000041
000097
000051
-000087
000058
000009
-000020
000070
-000009
000084
000011
000099
-000067
000107
000041
000109
-000089
-000031
000056
-000121
-000055
-000071
000091
000059
000010
000017
000066
000098
000001
-000034
000090
-000104
-000001
000062
000065
000057
000071
-000019
000047
-000018
000002
000011
000081
-000065
000102
000106
000044
-000051
000011
000037
000084
-000044
-000034
000111
-000049
-000104
-000128
000017
-000005
000066
-000097
000021
-000038
000110
000067
-000036
000087
000074
-000055
-000121
000056
-000117
-000126
000057
000059
-000088
000100
000039
000117
000111
000012
-000071
-000012
-000101
000040
-000077
000051
000104
-000123
-000018
000122
-000028
-000012
000069
000067
000055
000033
-000102
000114
-000102
-000031
000106
000038
000019
000100
000033
-000069
-000056
000056
000032
-000025
000053
-000103
-000037
-000048
-000063
-000113
-000061
-000022
-000060
-000094
000084
-000088
-000106
-000103
-000085
000125
000122
000070
-000065
000005
-000041
-000038
-000021
-000021
000062
-000004
000086
-000010
-000012
000119
-000051
000041
-000048
000105
-000071
-000110
-000024
000045
000060
-000084
-000049
-000112
000020
000021
-000022
-000064
000098
000020
-000074
000018
-000039
000125
-000020
-000060
000040
000026
-000080
000063
-000048
-000091
000118
000093
-000114
000070
-000058
000008
-000120
000094
000037
-000060
-000054
-000076
000005
-000049
-000055
-000081
000079
000027
-000061
-000011
-000019
-000115
000066
-000055
000065
000027
-000093
-000078
000090
000051
000023
-000048
-000127
-000107
-000058
000007
000093
000079
000102
000114
-000061
000048
-000026
-000056
-000065
-000081
000039
-000002
000123
-000085
-000061
000104
-000008
-000010
-000030
-000007
-000047
000069
-000085
000043
000041
-000078
-000085
000122
000024
000049
000113
000101
000112
-000105
-000104
-000012
000120
000126
000124
000055
000030
-000108
-000010
000089
000063
-000087
-000127
000039
000095
000099
000032
000032
000089
-000116
000011
-000126
000062
000118
-000020
000070
-000088
000029
000092
-000040
-000091
-000012
-000068
000029
000098
000041
000020
000064
000125
-000006
-000103
000124
000100
000027
-000109
-000077
000046
000115
-000044
-000121
-000017
-000097
-000055
-000034
000022
000117
-000028
000110
-000109
000064
000054
-000008
000036
-000077
-000043
000071
-000100
-000039
-000121
-000039
-000108
000017
000069
-000008
-000020
-000088
-000101
000010
-000053
000047
000082
000123
-000113
-000037
000089
-000107
000065
-000003
-000061
-000124
-000018
-000023
000060
-000046
000092
000017
000025
-000072
-000038
-000111
-000111
000110
000098
-000058
000086
000078
000046
-000078
000072
-000006
-000095
000090
000117
000032
000038
-000114
000117
000039
000123
000040
000107
000105
-000046
-000089
000060
000046
-000088
000069
-000089
000066
-000106
000040
-000079
-000008
-000081
-000073
000054
-000051
000041
000063
-000057
-000069
-000103
000044
-000053
000127
000106
000065
000102
-000026
000041
-000047
000015
-000021
000056
000059
000010
-000032
000065
000113
000035
-000041
-000119
-000124
-000064
000040
000059
-000074
-000074
000021
-000011
000061
-000048
000079
000090
000091
-000114
-000124
000092
-000011
000106
000118
-000122
000122
000081
-000065
000117
000043
000095
000118
-000116
000114
000078
-000042
-000074
-000050
-000066
-000094
-000124
000116
-000073
000106
-000094
000071
000121
-000068
-000110
000007
000064
-000033
-000004
000107
000021
000067
-000043
000038
-000014
000010
000066
000081
-000127
-000114
000116
000127
000084
-000022
000061
000019
000124
-000127
000055
000051
-000085
-000039
000106
000020
000085
-000067
000028
-000106
000092
-000056
000001
000097
-000053
-000106
-000121
-000067
000080
-000119
-000065
-000063
-000040
-000013
000000
000044
-000035
-000003
-000017
000074
000127
-000025
000061
000026
-000064
000104
-000017
-000042
000021
-000005
000092
000097
-000125
000013
-000062
000063
000099
000009
-000068
-000077
-000109
000059
000053
000107
000030
000053
000071
-000068
-000013
000007
-000058
000098
-000034
000003
000060
000094
000027
000043
-000028
000032
-000026
000064
-000127
000090
000013
000003
000105
000048
000013
000021
-000044
000096
000065
-000055
000123
000047
-000082
-000126
-000101
-000095
000121
000097
-000061
000023
000021
-000016
000054
000048
000011
000026
000081
-000030
000027
-000110
000012
-000024
-000122
000101
000009
000083
000106
-000099
000099
000123
000086
-000034
000091
000004
000032
-000010
000086
000090
000024
000009
000049
000029
-000071
000103
000013
-000059
000066
000014
000103
000013
-000111
000051
-000027
-000025
-000120
-000082
-000022
-000078
000059
000077
-000018
-000111
-000021
000057
000070
000011
-000017
000108
000037
-000009
000053
000087
-000044
-000017
000126
-000030
000100
-000080
-000016
-000101
-000067
000065
-000066
000099
000024
000054
000017
-000062
-000072
000061
000015
-000106
-000114
-000070
-000113
-000108
-000074
000063
-000016
-000101
000054
000038
-000030
-000053
-000059
000081
000109
000041
-000063
000013
-000076
000127
000079
000098
-000094
000039
000104
-000093
-000022
000016
-000096
-000007
000103
-000017
000116
-000090
-000125
-000022
-000027
000052
000117
-000052
000026
000088
-000105
-000033
000105
-000012
-000008
000042
-000063
000108
000089
000016
-000098
-000005
000056
-000010
000079
000018
-000058
-000017
-000053
-000035
-000098
000063
-000124
000018
000025
000041
000022
000095
-000027
000032
-000089
000060
-000065
000016
-000032
000119
000042
-000094
-000029
-000124
-000094
000113
000063
-000102
000039
000126
000108
-000035
000046
-000008
000123
-000068
-000025
-000017
-000114
-000063
-000040
000100
000032
-000082
000068
-000073
-000022
000003
-000121
-000117
000058
000113
000029
000013
-000075
000127
000062
-000027
000026
000037
000035
000054
-000061
000017
000046
000046
-000066
000022
-000035
000012
-000041
-000091
000049
-000025
000083
000117
000094
-000018
000105
-000107
000057
000083
000006
000086
000097
000124
-000107
000095
000081
000111
000117
000052
-000106
000040
000054
-000060
000022
-000076
-000118
-000029
-000064
000081
-000120
-000079
-000008
-000116
000023
000070
000058
000064
-000101
000115
-000109
-000094
000121
-000076
-000050
000014
000004
000015
000110
000057
000067
000004
000049
000041
-000120
000055
-000035
000003
000026
000094
000036
000098
-000001
000013
-000034
000022
000019
-000040
000070
-000081
000011
-000038
000017
-000124
000078
-000049
000083
000082
-000082
-000127
000075
-000095
000069
000108
-000053
-000067
-000093
-000088
-000128
000125
-000010
-000107
-000048
-000026
-000094
000110
-000068
-000123
000071
000003
-000012
000082
-000099
-000011
-000057
-000037
-000124
-000038
-000034
-000030
000075
000041
-000124
-000128
000086
000079
-000019
-000007
-000089
000110
000103
000094
-000061
-000009
000052
000037
000101
-000032
-000102
-000084
-000093
000127
-000081
-000016
000052
000054
-000116
000121
000000
000106
000091
000011
000083
-000033
000123
-000087
-000034
000040
000083
000070
-000122
000122
-000108
000009
000097
-000120
000046
-000122
000104
-000055
-000029
-000052
000008
-000110
000124
-000004
-000072
000008
000117
000120
000050
-000111
-000125
000070
000032
-000082
-000097
-000065
-000042
-000078
000005
000029
000028
-000103
000038
000061
000017
000021
-000060
000057
-000098
000103
-000059
-000106
-000023
000066
000082
000113
000058
-000072
-000023
000045
000009
000028
000099
000041
-000054
-000062
-000040
000096
000101
-000035
000061
-000127
000038
000020
-000113
000055
000041
000003
000049
-000073
000106
-000010
000013
000083
000040
000095
-000076
000035
-000041
000077
000000
-000032
000105
000035
-000006
-000013
-000043
-000110
000003
000058
000096
000049
000124
000070
000069
-000005
000126
000046
-000050
-000081
-000043
000040
000085
-000030
000059
000110
-000015
-000033
000081
-000055
-000020
000065
000089
000021
000036
000019
-000008
-000007
-000106
-000005
-000028
-000074
-000020
000096
-000004
000049
000043
000042
000079
-000023
-000103
-000028
-000047
-000033
-000122
-000004
000029
000104
-000101
000030
-000015
-000121
000095
000074
000092
000067
000078
000084
000044
-000108
000015
000016
000010
-000068
000048
-000010
-000035
000011
-000031
-000019
-000076
000122
-000111
-000123
000089
000024
000065
000038
000112
-000052
000068
000097
000019
000099
000091
000111
-000090
000105
000115
-000061
-000003
000067
-000109
-000057
-000017
-000124
-000082
-000116
000079
-000113
000057
000004
-000055
-000053
000057
000019
-000045
000107
000041
000019
-000009
000046
000036
000011
-000111
000127
000058
000040
-000087
-000082
-000085
000086
-000095
-000002
000014
-000112
000050
000124
-000020
-000126
000011
000022
000118
-000060
-000031
000111
-000121
000116
-000086
000113
000119
-000110
-000097
000107
000093
-000016
-000086
-000121
000008
000067
-000011
000115
-000102
000086
000098
000104
-000090
-000108
-000028
-000125
000006
-000033
-000103
000076
000099
000058
000124
-000085
-000082
000022
-000036
-000027
000104
000059
000064
-000059
000027
-000022
000013
000020
000030
-000062
-000121
000120
-000039
-000103
-000048
000127
-000018
-000092
000002
-000012
000067
-000117
-000015
000102
-000123
000109
-000047
000051
000051
-000099
-000040
-000100
-000040
000024
000033
-000028
-000077
-000002
-000072
-000111
-000127
-000001
-000055
000074
-000103
-000103
-000055
000119
-000003
-000068
000043
000000
000007
-000036
000102
-000115
-000007
000040
000112
000045
-000123
000009
-000119
000030
-000031
000106
-000014
-000108
000089
000106
-000027
-000102
000105
-000098
-000044
-000078
000039
000093
-000023
-000028
000009
000005
-000044
-000063
-000095
000043
000014
-000101
000019
000126
-000120
000088
000071
-000047
000102
000025
000043
000024
-000099
000068
-000126
000067
-000098
-000100
-000047
000098
000078
-000071
-000080
000056
-000115
000121
-000003
000098
000058
-000098
000077
000056
-000023
000096
000119
000049
000104
-000066
-000014
-000049
-000105
-000034
-000041
-000011
000034
000026
000040
-000079
-000074
-000007
-000045
-000060
-000094
000067
-000020
000048
000125
-000087
000082
-000073
000056
-000097
-000080
-000031
-000081
-000025
000003
000023
000101
-000011
-000026
-000019
-000061
000126
-000046
-000090
000088
-000070
000007
-000002
-000077
-000102
-000062
000022
-000034
000111
000070
000091
000008
-000120
-000062
000000
-000025
000050
-000030
-000106
-000039
-000027
-000099
-000017
-000118
000068
-000036
000014
-000078
000110
000116
-000006
000040
000059
-000056
-000101
-000043
000058
-000095
-000077
-000087
-000089
-000066
-000094
000047
000065
000098
-000058
000051
000068
000076
-000003
-000039
-000022
-000020
000036
000030
-000120
000002
-000112
-000074
000102
000074
-000098
-000095
000002
000041
000102
000060
-000117
-000038
-000090
000034
000088
000008
000018
-000119
000106
-000040
000125
000095
000037
000106
000056
-000049
000022
000028
-000035
000094
000014
000109
-000060
000116
-000089
000082
-000043
000105
000059
000060
000101
-000074
-000058
-000005
-000087
-000034
000003
-000085
000024
000030
-000125
-000107
000125
000088
-000017
000117
000023
-000059
-000110
-000060
000035
-000096
000033
-000089
-000043
-000120
-000007
-000102
-000079
000036
-000106
000023
-000085
000076
-000046
000068
000027
-000106
-000081
000051
-000092
-000030
-000120
-000031
000059
000055
000086
000018
-000004
-000088
-000057
-000033
000073
-000088
000118
-000034
-000015
000047
000120
-000094
000019
-000001
-000087
-000066
000011
000060
-000078
-000010
-000046
000097
-000023
000102
000004
000097
000023
-000001
-000104
000093
000017
000084
-000042
-000056
000035
000015
000049
000105
-000035
000034
-000120
000021
-000076
-000100
000004
000030
000010
-000032
000090
-000067
-000058
-000036
-000034
000112
000018
-000046
-000063
000025
-000047
000026
000054
-000109
000110
-000004
000027
000082
-000053
000076
-000085
000104
000030
000052
000126
-000109
-000112
000066
-000079
-000102
000018
-000053
000071
-000103
000103
-000026
-000071
000105
000120
000058
-000126
-000006
000084
-000088
-000115
-000125
-000091
-000104
-000043
000112
-000091
-000128
-000055
-000061
000116
000007
000070
-000012
000057
-000073
000079
000012
000066
000086
000101
-000103
000044
-000034
000002
-000107
000008
000068
-000113
000029
-000019
-000052
-000096
000082
000036
000117
000114
-000055
-000091
000011
000125
-000038
000002
-000125
-000114
000012
000043
-000051
-000040
000045
000020
-000003
-000057
000064
-000053
-000119
-000107
-000109
-000114
-000044
-000080
000107
-000096
000080
000125
-000059
000117
-000033
000062
-000037
-000021
000107
-000075
-000083
-000017
000067
000105
-000038
-000047
000001
000007
-000027
-000018
000126
-000043
000105
-000056
000043
-000003
000086
-000065
000109
000113
000080
-000082
-000018
-000059
000019
-000067
000003
-000018
000104
000111
000099
-000058
000014
000103
000047
-000024
000056
000033
-000081
-000035
-000049
000030
000114
-000007
-000026
-000115
-000026
-000004
000061
000003
000109
000077
-000079
000075
-000030
-000123
-000056
-000107
000051
-000015
-000060
-000105
-000073
-000046
-000002
-000090
000122
-000026
-000121
000026
-000125
000071
000056
-000027
000000
-000034
000051
-000106
-000054
000048
-000103
000039
000125
000075
000050
000015
-000128
-000022
-000092
-000077
-000037
000089
000010
000066
-000037
-000008
-000039
000086
-000098
000032
000032
000017
000039
000072
-000009
000023
-000026
-000038
-000083
000096
000010
000071
-000121
000119
000066
-000087
000118
-000062
000099
-000038
000053
-000017
-000029
000064
000049
-000065
-000008
-000054
-000043
-000105
-000021
-000027
000104
000002
-000019
000031
000010
-000109
-000007
000119
-000013
-000013
000126
000058
000090
-000064
-000093
-000112
000066
-000010
000043
000120
-000043
000014
000120
-000057
-000115
000096
-000111
000034
-000089
000108
-000057
000016
000047
000116
000031
-000007
-000009
000009
000112
-000102
-000004
-000033
-000044
000023
000095
000103
000103
-000110
000030
000082
-000054
-000077
000081
000050
000122
-000098
-000110
-000004
-000079
-000006
000040
000040
-000006
000071
-000115
-000039
000064
000068
-000030
000113
-000033
-000097
000016
-000093
000102
000095
-000053
-000051
-000015
-000087
000016
000123
000092
000017
-000099
-000057
-000081
-000016
-000125
000016
-000038
000107
000057
-000108
000115
-000122
000109
000115
-000054
000080
-000044
-000103
-000097
-000044
000013
000005
000052
-000104
-000110
-000027
000049
000082
000017
000125
000099
-000082
000004
-000045
000094
000055
-000093
-000008
-000093
-000116
-000116
000006
000018
-000006
000057
-000051
000058
-000002
000102
-000103
-000094
000051
-000098
-000122
-000069
000032
000044
-000036
000115
000061
000026
-000106
-000085
-000034
000025
-000006
000022
-000083
-000014
000105
000057
000111
000047
000060
000041
000088
-000055
000035
000038
-000017
-000084
000121
000019
000058
-000001
-000114
000026
000043
000107
000061
000088
000069
-000108
-000012
-000045
-000083
-000082
-000023
000074
000096
000002
000068
-000049
-000015
000080
-000072
000010
000009
-000053
000048
-000008
000119
-000103
-000053
000113
-000103
000074
-000116
000116
000117
-000119
-000115
-000086
000029
000113
000125
-000069
-000017
000023
000005
000063
-000023
000009
-000049
-000037
000073
000119
-000027
000082
000067
-000059
000011
-000086
000031
-000106
000028
000120
-000032
000104
-000036
000005
-000031
000105
000127
-000001
-000102
-000083
000106
000121
-000060
000047
000121
000109
000057
000056
-000008
000114
-000081
-000035
-000123
-000078
000083
000080
000029
000114
-000042
000041
-000038
-000089
000081
-000074
000108
-000014
-000048
-000036
-000031
000106
-000119
000027
-000108
000077
000059
000013
000122
000100
000005
000115
-000042
-000076
000000
000027
000023
000083
000091
000052
-000123
000050
000029
000079
-000119
000094
-000058
-000011
000080
-000106
-000047
-000014
-000080
000090
-000003
000004
000087
-000008
000017
-000110
000092
000022
-000011
-000013
-000117
-000059
000014
-000094
000009
000042
-000122
-000114
000012
-000109
-000098
000085
-000079
000100
000010
-000063
-000086
-000052
000099
000026
-000026
000033
000031
-000002
000009
-000016
-000112
000102
-000057
000069
000025
000066
-000006
-000041
-000092
-000061
-000015
000026
000018
-000067
000109
-000096
000018
000030
-000060
000013
-000113
000110
-000087
-000013
000072
000063
000004
000103
000061
-000035
000072
000125
000051
000015
-000126
000012
000017
000125
-000044
000101
000000
-000123
000127
000002
000067
-000084
-000094
000069
-000070
000038
000018
000073
-000124
-000085
-000004
-000115
-000021
000000
-000028
-000024
-000050
-000004
000038
-000063
-000069
000104
-000066
-000116
-000091
000082
-000015
-000090
-000041
000032
-000104
-000054
-000052
-000005
000016
-000122
000033
-000030
-000128
000102
000078
000060
-000013
000041
000045
-000105
-000047
-000085
-000124
-000073
000044
-000001
000032
-000086
000124
-000059
-000004
000109
000091
-000124
-000114
-000076
000078
000074
000111
000030
-000111
000080
-000015
-000047
-000090
000047
-000003
000089
000024
-000038
-000031
-000087
-000123
000021
000033
000114
000020
000065
000028
-000112
-000074
-000055
-000082
-000046
000077
000060
000118
000091
000054
-000091
000106
-000057
-000027
000011
000072
000076
-000006
000054
-000107
-000046
000016
000054
000059
000086
000075
000092
-000104
000032
000077
-000092
000096
000004
000045
000014
-000058
000058
000058
-000004
-000122
000049
-000095
-000080
-000072
000118
000123
-000015
-000062
000053
000039
000024
000007
-000009
000078
000050
000029
000090
000079
000101
000106
-000100
-000054
-000118
-000112
-000025
-000119
000022
000018
-000125
000002
000088
-000076
000083
-000008
000109
-000102
000051
000078
000028
000104
000069
000036
000031
-000004
000051
000081
-000054
000077
000096
-000017
000103
-000019
-000087
-000015
000061
-000127
000106
000004
000099
-000066
000006
-000085
000098
000026
000099
-000113
-000092
-000106
-000099
-000080
-000018
-000094
-000107
000013
000079
-000056
000030
-000039
-000059
000063
-000056
000044
-000020
000098
000013
000025
-000093
000056
000013
000006
-000026
-000044
000113
000024
-000034
-000060
-000104
000066
000026
-000011
-000014
000008
-000120
000071
-000043
-000105
-000049
-000093
000112
-000108
-000094
-000008
-000080
000126
000074
000126
-000120
-000083
-000074
000085
-000093
-000100
-000023
000020
-000092
-000121
-000104
-000004
-000055
-000078
-000014
000124
000106
000058
-000077
-000001
-000047
000067
000099
000001
-000057
000005
-000023
000056
000116
-000012
-000074
-000052
-000095
000108
000017
000005
000008
-000053
000009
000108
000066
000098
000105
000012
000004
000075
000056
000047
000117
-000085
000030
000006
-000018
-000127
-000009
000118
000071
-000048
-000098
-000069
-000060
000020
000119
000086
000064
000072
000011
000008
000003
000020
000100
000070
000038
-000067
000002
-000021
-000056
000058
000010
-000003
-000027
000040
000003
-000124
000106
-000022
-000022
-000079
-000069
-000120
000028
000047
000108
000083
000069
-000100
-000101
000080
-000108
000079
000021
-000008
-000107
000059
000118
000087
000038
-000002
-000111
000032
-000020
000054
000025
-000033
-000070
000067
-000054
-000092
-000076
000069
-000020
-000048
000116
000008
000019
-000086
-000092
000094
-000070
000056
-000083
-000065
-000015
000002
-000005
000023
000089
-000047
000005
-000086
-000062
-000015
-000111
-000053
-000047
000059
-000050
000075
-000096
000114
-000128
000060
000002
-000076
000069
000005
000030
-000039
000035
-000055
-000046
-000047
000120
000115
-000045
000051
-000118
-000035
000005
-000113
000119
-000057
-000127
000008
000082
000002
000004
000016
000077
000100
000066
-000115
-000096
000052
000049
-000043
-000007
000016
000111
000028
-000055
000001
-000083
000001
000116
000113
000053
-000066
000078
-000006
000077
-000123
-000079
000126
000078
-000061
-000128
000082
-000109
000125
-000090
-000059
000010
000006
-000071
-000004
-000100
000114
-000052
-000053
000078
-000123
-000052
-000004
000070
000000
000045
000123
-000082
000043
000101
-000069
-000080
-000042
000042
-000002
-000103
000106
000000
000028
-000024
000118
-000095
-000078
000109
000090
000110
-000055
-000116
000042
-000108
-000037
-000081
000032
-000121
-000026
000016
-000092
000033
000126
-000049
000071
-000007
000063
000029
-000029
000046
-000089
000078
-000002
-000125
-000010
000037
000021
-000104
-000110
000047
-000009
000091
-000084
000033
-000081
000055
-000127
-000065
-000066
000055
-000049
000098
000008
000013
-000015
000079
000006
000032
000093
-000022
000014
-000060
-000024
000013
-000009
-000034
000034
000012
000038
000116
-000020
-000035
-000113
000088
-000065
000046
000079
000064
-000035
000013
000055
000108
000031
000047
000105
-000048
000063
000047
-000016
000092
-000055
-000001
000016
-000079
-000068
-000057
000063
-000098
-000124
000054
-000046
000112
000019
000033
-000120
-000062
000063
-000041
-000062
-000036
-000108
-000023
000072
-000125
-000039
000113
000067
000024
000080
-000013
000100
000026
-000094
000052
-000117
000094
-000021
-000117
-000068
000047
-000063
000078
-000113
-000060
000095
-000057
000071
-000098
-000114
-000007
000058
-000014
-000029
000066
000101
000124
-000093
000104
000084
-000060
000076
000120
-000098
-000018
-000100
-000039
-000003
000055
000100
-000071
000103
-000027
-000008
-000090
000090
000023
000062
-000111
000118
-000068
-000118
-000080
000111
000045
-000013
-000108
-000087
000086
-000019
-000067
000010
000057
000037
-000104
000023
-000127
000114
000004
-000071
-000090
000126
-000032
000124
000054
000070
-000058
000061
000116
000087
000115
-000015
-000095
000036
000096
-000049
000007
-000028
000056
000029
-000111
-000026
000040
-000070
000011
-000128
-000126
000077
-000014
000070
-000042
-000119
-000124
-000090
-000011
-000086
-000100
-000117
-000072
-000047
-000094
000027
-000126
000067
-000001
-000046
-000046
-000058
000118
-000005
-000028
-000072
-000079
-000004
000098
000124
000124
-000092
-000055
000047
-000021
-000113
-000088
000111
-000027
000109
-000038
000082
-000088
-000126
000019
000058
000093
-000107
000125
000093
000039
000000
000035
000093
-000069
-000057
000005
000092
-000061
000040
-000104
-000016
-000052
000082
000031
000119
-000095
-000121
-000041
000071
-000092
-000079
-000103
000076
-000013
000108
000070
000016
-000063
000115
000045
-000088
000115
000065
-000011
000046
-000072
-000069
000074
000108
-000093
-000029
000044
000095
-000011
-000005
-000041
000086
-000126
000110
-000099
-000026
-000033
-000026
-000014
-000062
000018
000040
-000062
-000061
000107
-000096
000091
-000049
-000095
000001
-000003
000089
000124
000056
-000059
000015
-000037
-000095
000110
-000064
-000100
000005
000006
-000034
000115
000100
-000060
000066
000058
000118
-000076
000013
000094
000055
-000064
-000070
-000057
-000052
-000119
000104
-000051
000070
-000079
000073
000062
000055
000088
000009
-000056
-000122
-000119
000037
000076
000080
000003
000111
000116
-000120
000114
000094
-000018
000022
000091
000061
000013
000028
-000009
-000044
-000024
000064
-000020
000117
000118
000094
000110
000117
-000123
-000122
000126
000013
000012
-000056
000050
000024
000008
000054
-000120
000124
000110
-000022
-000102
000076
-000064
-000010
000073
-000050
000002
000000
000082
-000086
000048
-000001
000015
000103
000093
000061
-000052
-000110
-000061
000058
000095
-000113
-000062
-000110
-000104
-000118
-000120
-000048
-000058
-000026
-000070
000081
000002
000058
000055
000012
-000072
000057
-000004
-000053
-000093
000045
-000054
000098
-000124
-000041
-000097
000032
000041
000098
000026
-000120
-000031
-000051
000026
000041
000087
000082
-000007
000014
000008
000115
000031
-000005
-000098
000086
-000057
000022
000079
-000077
-000031
-000030
-000096
000091
000068
-000012
000050
-000093
000004
000091
-000011
000015
-000092
-000106
-000036
000126
-000064
-000013
-000047
-000071
-000063
-000119
000029
-000032
000068
000123
000054
-000005
-000127
-000123
-000081
000035
000039
000079
000126
000027
000052
000113
-000066
000040
-000116
000115
000039
000048
000010
-000061
-000097
-000070
000119
000032
000099
000056
-000087
000064
000025
-000018
-000085
000015
-000039
-000019
000069
000072
000016
000092
-000120
000126
000072
-000084
-000017
-000010
-000124
000108
000106
000108
-000116
000100
-000017
-000021
-000034
000102
000011
000065
000095
-000075
000114
000056
000083
-000035
000055
-000020
-000054
000124
000037
-000054
-000087
-000099
000009
-000095
000009
-000024
-000105
000077
000020
-000063
-000071
000113
-000027
000105
000076
-000061
-000049
000024
-000011
000046
000125
000039
000086
-000048
-000060
000094
-000068
-000113
-000102
-000047
000025
000051
000062
000018
-000044
000055
-000005
000028
-000123
-000033
-000099
-000002
000064
000115
000103
000125
000054
-000009
-000107
-000021
-000043
000002
-000046
000044
-000094
-000105
000058
000014
000022
-000060
-000032
-000033
-000072
-000034
-000014
000076
-000042
-000019
000088
000027
000124
-000010
000009
-000067
000041
000049
-000022
000031
000024
000063
-000005
-000035
000001
000125
-000055
-000109
000004
000003
-000095
-000038
-000056
000065
-000070
000064
-000048
-000084
000124
-000106
000073
-000107
-000079
-000059
000123
-000086
000114
000100
-000101
000044
000115
000099
000091
000094
000065
000092
-000036
-000054
-000017
-000096
-000066
000065
000107
000054
000066
-000027
000102
000002
-000127
-000094
-000104
-000118
000039
000057
000079
000098
-000092
-000126
-000074
000047
-000082
000042
000083
-000054
000072
-000108
000022
-000028
000014
-000010
000117
-000116
-000009
-000080
-000062
000041
-000123
-000024
000044
-000058
000123
-000124
000080
-000110
-000066
000095
-000027
000034
-000079
000107
000017
000016
-000123
000100
-000054
-000114
-000072
-000032
000114
-000057
-000106
-000089
000067
000125
000071
-000074
000103
-000116
-000114
000083
000082
-000055
-000057
000098
000028
000069
-000126
-000063
000087
000051
000028
000105
000003
000098
000125
-000051
-000016
000054
000094
000082
-000019
-000028
-000086
-000016
000034
-000015
-000090
000073
000062
-000011
-000116
000080
-000082
000019
000115
-000118
000073
-000011
000075
-000096
000024
000088
-000071
000028
-000070
000055
-000103
-000102
000029
-000009
-000084
-000054
-000100
000086
-000086
000126
000008
000065
-000073
000006
000054
000003
000070
-000092
000022
-000071
000031
000079
-000082
000106
-000096
-000121
-000126
000089
000083
000044
000080
-000020
-000122
000045
-000092
-000029
-000009
000000
000041
-000110
000110
-000015
-000045
-000011
-000025
-000055
-000072
000046
000093
-000066
-000089
000124
-000050
000022
-000041
000110
-000115
000073
-000121
-000096
000054
-000120
-000116
000124
-000075
-000016
000095
-000099
-000032
000073
000047
000030
000042
-000062
000003
000018
000123
-000085
000000
-000040
000042
-000105
000085
-000024
-000099
-000020
000022
-000022
000005
-000115
-000118
-000005
-000043
-000041
000104
000123
-000073
-000073
-000040
000088
000000
-000009
000102
000043
000121
000042
-000003
-000012
-000107
-000019
-000068
-000081
000068
-000047
000087
-000094
000125
000093
-000116
000115
-000085
000007
000030
000112
-000034
-000122
-000085
000085
-000002
-000125
-000083
-000002
000042
-000044
-000039
000099
-000002
-000106
000071
-000125
000067
-000060
000051
-000120
000085
000122
000026
-000061
-000088
-000090
-000010
000067
000109
000020
-000125
000011
-000101
-000017
000081
-000119
000034
-000066
000071
000077
-000126
-000031
-000080
000112
000103
-000072
-000012
-000085
000108
-000025
000035
-000127
000033
-000003
000068
-000071
000099
000058
-000068
-000047
000015
000000
-000052
-000102
-000033
-000019
-000029
000001
000092
-000022
-000002
-000034
-000053
-000081
000031
000051
000023
000003
-000114
000067
-000086
-000079
-000060
-000069
000110
000009
000053
-000047
-000013
-000015
000098
000002
-000031
-000017
000092
-000128
-000052
-000001
000114
000040
-000022
000112
-000057
000101
-000049
-000042
-000104
-000026
-000103
000022
000041
000051
-000121
-000098
-000082
-000011
-000105
-000029
-000121
000090
-000123
-000039
000013
000038
-000056
000041
-000089
-000123
000041
000009
000109
-000045
000057
000052
000056
000009
-000070
-000127
-000097
000083
000103
-000071
000054
-000033
000087
-000027
-000108
-000066
000120
000011
-000056
-000051
-000027
-000043
-000076
000109
-000001
000075
-000078
-000024
000020
000032
-000069
000077
000004
-000077
000070
000127
000052
-000090
-000062
000076
000095
-000055
000043
000118
-000098
000127
-000012
-000042
000075
-000068
000100
-000016
000082
000008
000077
000017
000019
000000
-000023
000039
-000032
000100
000036
-000044
000007
000043
000083
-000004
-000047
-000042
000056
-000016
-000097
000035
000038
-000003
000098
000010
-000109
-000099
-000122
-000025
-000115
-000056
-000081
-000101
-000055
-000078
-000117
-000126
-000103
000043
-000042
-000082
-000065
-000098
-000103
-000045
000090
000090
-000087
000082
000058
-000008
000101
000080
-000027
-000121
000042
000056
000021
-000096
000016
000098
000041
000127
-000067
-000078
-000014
000008
000037
000123
000051
-000005
-000023
-000029
000089
-000126
-000090
-000093
-000052
000063
-000011
-000058
-000009
000026
000022
-000036
-000094
000048
000004
000119
-000111
-000044
-000103
-000086
000004
000071
000092
-000010
000015
-000127
000097
000051
000045
000011
000022
-000122
000125
000124
000042
000010
000123
-000033
-000048
000114
-000006
-000025
-000002
000076
-000041
-000062
-000077
000088
-000121
000012
000002
-000117
000019
000095
000049
000035
-000112
000098
000086
-000067
000093
000028
000068
-000037
-000120
000046
-000027
000003
-000003
-000075
000101
-000089
000076
000083
-000013
000036
000021
000102
000108
000092
000115
000111
-000105
000118
-000114
-000056
-000103
000014
-000021
-000033
-000100
000072
-000069
-000048
000019
000067
-000082
-000072
000054
000107
000046
000091
000019
000122
000110
-000074
-000114
000052
000029
-000069
000080
-000128
-000022
-000024
-000058
000056
000112
000016
000070
000075
-000017
-000046
000084
-000101
000082
000103
-000114
-000064
-000032
-000123
000044
-000002
-000048
-000017
000104
-000001
-000091
-000073
000051
-000126
000050
000067
-000062
000012
-000037
000121
000068
000076
-000119
000058
000087
000056
-000051
000091
-000109
-000033
-000077
000034
-000112
000083
000103
000124
000065
000039
000091
000121
-000026
-000064
-000032
-000039
000067
-000046
000013
-000059
-000034
-000024
000062
-000046
-000028
-000121
-000051
-000020
-000128
-000118
000071
000019
000041
-000070
-000027
-000071
-000003
000076
-000011
000062
000052
000016
000120
-000038
-000111
000024
-000092
-000060
-000021
-000079
000073
000121
-000119
000120
000076
000094
-000065
-000039
000074
000063
000099
000081
000003
000076
-000004
-000088
-000010
-000007
-000027
-000085
-000008
-000039
-000084
000032
-000077
000061
000056
000087
-000063
000019
-000056
-000006
-000115
000066
000050
-000103
000096
-000014
000098
000106
-000031
-000107
-000069
-000028
-000047
-000089
-000115
-000121
000097
000050
000051
000089
-000053
-000097
000121
000062
-000116
000097
000086
000061
000117
000014
-000009
-000078
000000
-000022
000059
000096
-000100
000109
-000118
000125
-000078
000054
000018
-000125
-000099
000095
-000053
-000002
000081
-000082
000023
000012
000077
000064
000074
-000103
-000094
-000112
-000106
000007
000095
-000115
000121
000095
000055
-000076
000112
-000061
-000047
-000070
000001
-000125
-000016
000019
-000074
000078
000050
-000127
-000004
000115
000047
000020
000063
000044
000068
000073
-000075
-000090
-000102
000075
-000083
-000023
-000119
-000026
000008
-000064
000090
000120
000068
000043
000035
000053
000110
-000061
000008
000037
-000047
000042
000086
-000114
000093
000070
-000110
000092
000114
-000090
-000091
-000024
000013
000047
-000013
-000070
-000040
000108
000097
-000047
-000019
-000085
000009
000033
-000041
-000020
000022
000053
000112
000014
000010
000065
-000024
000097
-000065
000005
-000089
000033
000081
-000039
000120
-000026
-000079
-000123
-000042
-000107
-000017
-000082
-000063
000064
000127
-000082
-000020
000073
000127
000115
000037
-000123
000104
-000107
000083
000115
-000121
-000005
-000108
000006
-000016
000059
-000024
000001
-000060
000032
-000024
000118
-000107
-000066
-000053
000068
000044
000124
000085
000108
-000021
-000015
-000091
000042
000100
-000054
-000080
-000116
000016
-000061
-000001
000087
-000081
000083
000029
000111
000078
000005
000113
000003
-000043
000089
000057
000042
-000057
-000012
000111
-000077
000048
-000076
000031
-000037
000117
-000076
-000010
-000039
000063
000102
000037
000015
-000039
-000027
000038
-000120
000040
000051
-000008
000119
-000007
000089
000106
-000050
000098
000099
-000007
-000007
000071
000040
-000100
000055
-000100
-000084
-000061
000001
000032
000121
-000118
000031
-000049
-000081
000030
000104
-000124
000052
-000015
-000083
000040
-000087
-000044
000017
-000014
000014
-000097
000020
000097
-000120
000013
000104
000112
-000103
000079
-000004
000021
000018
-000067
-000010
-000117
000055
000005
000026
-000025
000020
000115
000027
000008
000036
-000120
000032
-000051
000092
000001
000127
000090
-000111
000083
000123
-000039
000080
-000045
-000006
-000087
-000029
-000010
000127
-000011
-000092
000101
000049
-000101
000106
000011
000066
000062
000062
000078
000071
000098
-000042
000039
-000017
-000013
-000039
000030
000013
000042
000113
000121
000003
-000079
000012
-000067
000043
-000033
000100
-000102
-000107
-000056
-000001
-000122
000099
000105
-000111
-000106
000104
-000064
-000092
-000097
-000030
000058
-000122
-000062
-000035
000095
-000032
-000037
000121
000066
000020
000061
-000077
000016
-000022
-000050
-000080
000078
000104
000069
000006
000039
-000117
000042
000081
000012
000112
-000087
-000052
000020
000008
000111
000014
000126
000033
-000020
-000050
-000063
-000073
000007
-000013
-000117
000052
000103
-000101
-000033
000053
000011
000029
000094
000016
-000028
000069
-000101
-000002
-000122
-000104
000110
-000017
000036
000066
-000025
-000109
000016
000038
000116
-000020
-000028
000038
000099
-000085
-000039
-000034
-000032
000064
000058
-000081
000102
000053
-000116
-000124
000070
000096
-000071
-000047
000030
000000
000041
000076
-000033
000014
000078
000119
000097
000079
-000115
-000058
000043
000065
-000084
000079
-000036
-000123
000045
000124
-000074
000087
000027
-000036
000077
000104
000032
-000125
-000120
-000055
000020
-000105
-000119
-000002
-000093
000089
000012
-000014
-000048
000093
000049
000029
-000029
000092
000078
-000113
-000101
-000022
000005
000121
000087
000123
-000112
000050
000039
-000035
-000102
000055
000032
000019
-000048
000053
000106
000074
-000029
000013
-000109
-000033
-000081
000035
-000004
-000032
000000
-000048
-000003
000062
000031
000088
000040
000020
-000047
000063
000095
000098
000114
000118
-000001
-000068
-000083
000016
-000113
000110
000005
-000023
-000088
-000024
-000073
-000005
-000057
000086
-000034
-000125
000055
-000050
000019
-000012
-000052
000035
000060
-000028
000055
-000050
-000028
000087
-000032
000070
-000067
-000033
-000062
000107
-000017
000066
-000119
-000028
-000021
-000015
-000052
-000110
-000020
000067
-000071
-000118
-000057
-000080
000088
-000102
-000108
000020
-000083
-000112
-000072
-000075
000078
-000100
-000004
000046
-000094
-000071
-000002
000085
-000044
-000099
000087
000093
-000126
000066
000014
000014
-000107
-000006
000066
000062
000116
-000055
-000098
-000116
000083
000050
-000112
-000047
-000078
000025
000118
-000063
-000091
000098
-000017
-000008
000027
-000083
000013
-000080
000075
000036
-000003
000125
000086
000012
000075
-000101
-000058
000077
-000039
-000005
000022
000055
000119
000042
000089
-000056
-000021
-000068
-000031
000033
000061
000054
000115
-000020
-000018
000126
000074
-000069
000046
-000123
-000049
-000020
-000046
-000026
-000072
000013
-000127
000046
000091
000027
000041
000049
000066
000097
000027
000076
-000023
-000074
-000040
000122
-000041
000005
000112
000010
-000079
000095
000073
-000005
-000038
000055
000064
-000086
-000045
000018
-000128
-000117
-000032
000001
000122
-000021
000012
000083
-000036
-000001
-000092
-000088
000075
000077
000046
-000029
-000057
-000010
-000024
-000008
-000064
-000119
000071
-000007
-000123
-000031
000049
-000123
000123
-000012
-000120
-000005
000064
000024
-000083
-000086
000003
000121
-000019
-000097
000120
000082
000071
-000125
000095
000102
000086
-000041
000028
-000018
-000049
-000052
000056
-000042
-000122
000125
-000089
-000089
-000014
000019
000107
000122
-000050
-000101
000082
000107
000005
000021
-000091
-000077
-000075
000013
-000059
-000004
000081
000036
000034
-000105
-000021
000046
000118
000122
-000069
000110
000064
000065
-000021
-000040
-000088
-000035
-000085
000019
000008
000057
000111
000090
000101
000036
000112
-000006
-000041
000021
-000041
-000100
-000047
000024
000113
-000028
000112
000028
-000046
-000090
-000105
000093
000020
-000057
-000114
-000017
000095
000006
-000116
-000006
000010
-000124
-000012
000041
-000097
000073
000077
-000001
000067
-000027
-000044
-000054
000065
000101
-000029
-000094
000009
000003
-000065
-000100
-000087
000022
-000007
-000083
-000051
000072
000092
000029
000062
-000040
-000041
000056
000045
-000069
000049
-000068
-000060
000063
000123
-000009
-000028
000079
-000126
000021
000116
000101
-000120
000126
000024
000007
000026
-000063
000013
-000061
000030
-000118
000011
000122
000103
000058
000018
-000001
000050
000047
000122
000084
-000021
000047
000083
000102
-000026
000055
000117
000104
000012
-000022
-000115
-000124
000024
-000091
000059
-000014
000086
000008
-000075
000116
-000125
-000079
-000098
-000022
-000085
-000079
-000103
-000051
-000096
000004
-000031
000124
000051
000052
-000094
000025
000091
000008
000066
