000114
000045
-000116
000121
-000043
-000094
-000014
-000066
-000039
-000042
000086
000023
000073
-000051
-000027
000097
000071
-000037
-000106
-000008
000034
-000046
000036
000075
000022
-000007
-000127
000038
-000085
000025
000109
000029
000070
000113
000086
-000109
-000044
-000063
000017
000037
000087
000039
-000124
000024
-000012
000105
000058
-000077
-000068
-000112
000107
000038
-000086
-000112
-000023
000056
000073
-000030
000095
-000012
000067
000068
000074
-000046
000117
-000024
000101
000073
000033
000055
000111
-000064
000094
000107
000081
000019
000077
-000045
-000122
000081
-000037
000058
-000016
-000123
000066
-000103
-000010
-000045
-000060
-000051
-000121
000127
000089
000073
-000055
000070
000050
-000017
000008
000019
-000026
000055
000076
000068
-000094
-000027
000023
-000081
000120
-000098
000121
-000053
000080
000041
000016
-000038
-000126
000006
000037
000070
000027
000036
-000122
-000020
-000074
-000105
-000013
-000088
-000122
000067
000123
000044
000122
-000057
000113
-000036
000108
000072
-000116
000092
000094
-000059
000111
-000010
000054
-000008
-000112
-000072
-000066
000045
-000065
-000102
-000102
-000067
000070
000016
000084
000057
000120
-000101
-000060
000107
-000057
-000074
000123
000112
000083
000095
-000071
-000033
000124
-000041
000100
-000085
000006
000018
-000093
-000106
-000118
000034
-000124
-000063
-000068
-000034
-000058
000002
000102
-000037
-000124
-000034
000054
-000064
000073
-000067
000055
-000004
000118
-000118
000092
-000089
000041
-000104
000062
000005
-000069
000004
000095
000031
000019
-000087
-000119
-000105
-000077
-000067
-000019
-000015
000127
-000101
-000052
-000061
-000015
-000062
-000004
000114
-000128
000123
000111
000110
000125
-000117
-000043
000030
-000029
000075
000107
-000098
000080
-000118
000005
000099
000051
000006
-000070
000030
000059
-000017
000016
000003
000002
-000100
-000058
-000077
000031
-000126
-000027
000023
000117
000084
-000123
-000014
-000097
-000110
-000048
-000126
-000035
-000005
000105
000045
-000003
-000026
000080
-000015
000101
000010
000087
000096
000113
-000033
000099
000051
000060
-000094
000094
000091
000036
000068
-000070
000090
000088
-000073
-000060
-000008
000009
000085
000058
-000026
000080
000027
000020
000014
000122
000036
-000065
-000097
000047
-000114
-000001
000096
000046
-000037
-000108
-000078
-000059
-000078
000013
-000087
000110
-000121
000003
000015
-000074
-000120
000063
000007
000037
000121
-000019
-000019
000085
-000063
-000069
-000113
000094
000122
000046
000005
-000055
-000091
-000083
000063
-000056
-000071
000105
000077
-000028
-000066
-000073
-000102
-000067
000122
000033
-000069
-000062
000032
000058
000095
-000030
000039
-000107
-000081
-000087
000080
000062
000007
-000117
000044
-000052
000020
000025
000121
-000053
-000094
-000013
000052
-000081
-000105
-000078
000102
-000087
000111
-000095
-000117
-000022
-000037
-000085
000036
-000125
000005
000011
-000112
-000004
000044
-000096
-000006
-000013
000099
000038
-000065
000119
-000072
-000007
000066
-000094
000100
-000066
000081
-000005
-000024
000120
000100
-000097
-000111
-000017
000073
000044
-000029
-000027
000111
-000088
-000079
-000065
-000091
000037
-000040
000095
000025
000059
-000002
-000104
-000077
-000002
-000111
-000075
000024
-000011
000052
000041
-000080
000100
-000095
-000115
-000060
-000014
-000060
-000123
000031
000103
-000029
000078
000016
-000036
000014
-000019
000121
-000026
000076
000010
-000031
000010
-000093
-000036
000008
-000084
000010
000104
000098
-000122
000082
-000046
000098
-000013
000031
-000098
000094
-000028
-000100
000061
-000061
-000057
000075
-000109
000027
000089
000064
-000108
-000001
-000115
000095
-000031
000087
-000062
000053
-000088
000110
-000121
-000120
-000112
000069
-000102
000035
-000088
-000114
000066
000006
-000084
-000098
-000094
-000087
000034
000041
-000012
-000003
000068
000014
000062
-000103
-000123
-000117
000064
000102
000090
000122
000092
000002
000048
000027
000075
-000127
-000087
-000027
000028
000081
-000021
000094
000023
000087
000117
-000070
-000064
-000033
-000093
-000075
000084
000048
000059
000082
000065
000008
000085
000065
000047
-000080
-000069
000075
000042
000099
000102
-000019
000092
-000049
000075
000120
-000104
-000010
-000105
-000080
-000106
-000052
000042
-000050
-000085
-000051
-000125
000071
000117
000126
000018
000118
-000121
000103
000047
000046
-000113
-000086
-000015
000002
-000050
000023
-000017
000042
000095
-000006
000099
000063
-000015
000114
-000081
000071
000062
-000103
000021
-000087
000039
000089
000104
000092
-000105
-000062
-000109
-000106
-000094
-000126
-000124
000121
000045
000053
-000013
000115
000013
000091
000093
-000076
-000099
-000128
-000077
000078
-000078
-000101
-000107
-000080
000052
000035
000089
000027
000124
000010
-000016
-000045
000068
-000069
000106
000094
000061
-000082
-000104
-000030
000044
-000117
000021
-000079
-000090
000115
000037
-000068
000107
000080
000010
000030
-000021
000024
-000050
-000032
-000125
-000024
000115
-000065
-000014
000035
-000110
-000010
-000034
-000068
000021
-000036
-000029
-000083
-000066
-000049
-000080
000028
-000128
-000049
000007
000101
-000117
000050
-000075
000085
000080
000097
000109
-000033
000065
000056
-000057
000116
000111
000121
000088
000122
-000025
-000010
-000082
-000004
-000046
-000039
000033
000081
000032
-000110
-000027
000096
000097
000100
-000059
-000084
-000034
000059
000001
-000089
000020
-000073
-000050
000021
000103
000085
000073
-000041
000006
-000095
-000103
-000083
-000104
000071
000034
000042
-000103
-000117
-000013
000121
-000035
000080
-000038
000062
-000004
-000025
-000086
000083
-000030
-000084
000066
-000074
-000085
-000048
000019
000018
-000099
000093
-000087
-000093
-000066
-000070
-000056
-000050
000122
000050
000113
-000045
000126
000036
-000108
000027
000117
000046
-000046
000049
-000114
-000060
-000052
000048
000048
000014
-000025
000083
-000098
000114
-000034
-000077
-000113
-000121
000022
-000058
-000070
000039
000012
000124
000025
-000059
000015
000087
000098
000027
000115
000031
000074
000005
-000056
000032
000065
-000035
000080
000114
000099
-000009
-000059
000122
000106
000099
-000019
000113
-000085
-000060
000055
000101
-000085
-000116
000025
-000060
-000119
000040
-000036
000051
000003
-000057
-000054
000077
000020
-000037
000045
-000051
000048
-000010
-000121
000083
-000019
-000059
-000115
000023
-000024
-000061
-000119
-000109
-000121
-000128
-000072
-000014
-000052
-000047
000046
000086
-000071
000082
000001
-000067
-000111
000068
-000054
000101
-000033
-000008
000051
-000121
-000082
000050
-000102
000091
-000073
000040
000115
-000024
000099
-000068
-000013
-000086
-000076
000036
000020
-000127
-000075
-000118
000015
-000073
000085
000016
000052
-000090
000020
-000066
000012
-000013
000046
-000001
-000062
-000100
000121
000093
-000008
000049
000069
-000029
-000111
000104
-000097
000068
-000118
000019
-000080
000094
000084
-000082
-000024
000099
-000035
-000003
-000020
-000047
000100
000000
000007
000112
000060
-000010
000047
000054
-000110
-000088
000083
000074
-000103
-000104
000045
-000094
000120
-000116
000047
-000062
-000096
000087
000032
-000076
000005
-000127
-000112
-000094
000062
000124
-000021
-000094
000060
-000077
-000046
000056
-000087
000121
000111
-000005
-000102
-000062
000070
000051
000027
-000069
-000106
000011
-000064
000061
-000050
-000088
-000036
-000082
-000044
-000094
000119
000100
-000068
000046
-000096
000104
000072
000037
000027
-000109
-000043
-000124
000084
-000116
000127
-000018
000015
000061
-000030
-000094
000113
-000016
000109
000121
000117
-000005
-000103
-000055
-000086
000045
000043
-000103
-000110
000096
000063
-000014
-000056
-000048
000023
-000093
-000085
-000083
-000097
000119
-000079
-000106
000102
-000064
000028
000008
-000038
000077
000112
-000112
-000058
-000091
000003
-000041
000046
-000083
000076
-000046
000007
-000098
000122
000006
-000111
000002
-000042
000104
000029
-000007
000021
-000068
000113
-000121
000018
-000105
000071
-000018
000023
-000030
000059
-000049
000050
000121
-000020
000053
000016
000098
-000093
000093
-000084
000034
000115
-000098
000040
-000060
000024
-000001
000045
000125
-000072
000002
-000007
-000023
-000119
-000124
000064
-000111
-000070
000023
000051
000110
000094
000101
-000089
000010
000018
-000072
000109
000117
-000043
000025
-000105
-000064
000120
000008
-000123
-000040
000063
000114
-000050
-000009
-000020
000063
-000095
000118
000011
000089
000063
000062
-000023
000114
000036
000007
000079
-000053
000018
-000087
000067
000063
-000033
-000112
-000048
000118
-000103
-000112
000062
-000034
-000031
000125
-000056
-000081
000053
-000076
000102
000078
-000022
000114
000103
000041
000112
000016
000091
-000108
-000112
000106
000031
-000022
000020
-000085
-000095
000107
-000077
-000071
-000095
000012
-000062
-000032
-000022
000099
000029
-000078
000018
-000054
000039
000056
-000112
-000047
000106
-000072
-000069
000082
000064
-000114
-000090
000024
-000007
-000122
000122
-000051
-000087
000027
-000128
-000092
000077
000033
-000007
-000049
-000063
000091
000050
000087
-000050
000004
-000103
-000075
-000004
-000022
-000002
000103
000098
-000071
000121
-000094
000008
000104
000051
000001
-000082
000037
-000050
-000097
000001
-000058
000003
000078
-000089
000116
-000035
000041
000072
000015
-000008
-000042
-000117
000081
000003
-000121
-000125
000073
-000082
-000027
000059
-000024
-000064
000067
000016
000107
-000116
-000066
-000040
-000046
-000043
-000103
000088
-000040
-000089
-000065
-000059
-000004
000096
000085
-000053
-000096
-000021
-000050
000106
000054
000022
000053
-000009
-000124
-000109
000122
-000076
000019
000125
000060
-000058
000009
000114
000094
-000101
000007
000112
000107
-000096
-000113
000043
000037
-000044
-000117
000122
000023
-000092
-000083
000046
-000050
000091
000004
000003
-000102
-000048
000086
-000115
-000003
000105
000010
-000007
-000089
-000116
000044
000006
-000097
000051
000054
000083
000075
000013
000062
000112
000089
-000119
-000086
000113
-000019
000087
000023
-000069
000114
-000037
000127
-000123
000035
000013
000018
-000104
000055
-000036
000010
000038
-000080
000054
-000020
000016
000041
-000102
000099
000117
-000088
000097
000045
000121
-000022
-000104
-000086
000080
-000081
000057
-000125
000034
-000116
-000062
000031
-000080
-000048
000121
000008
000007
-000051
000090
-000091
000062
000008
000010
000078
000122
-000020
-000007
-000081
000012
-000046
-000036
-000050
-000068
000052
-000016
-000124
-000028
000114
000080
000126
-000066
-000046
-000027
000046
-000094
-000042
000055
000105
000099
000009
000087
-000095
-000046
000033
000055
000076
-000123
-000016
000115
-000038
000058
000015
000032
-000073
-000116
000016
-000125
-000024
-000006
-000109
-000082
-000071
-000034
000011
000095
-000056
-000095
000086
-000086
000076
000032
-000063
-000018
-000014
-000030
-000027
000118
000039
000078
000049
000121
000072
000000
-000103
-000001
-000116
000034
000067
-000020
-000036
000078
-000102
000085
000044
000101
-000003
000109
000006
-000053
000095
-000053
-000021
-000104
000121
-000099
000058
000030
000091
000097
000044
000004
000083
000117
000005
-000020
000052
000009
-000050
000119
000062
-000013
000062
000080
000072
000106
000118
-000067
-000105
-000060
-000047
000110
000079
000124
-000058
-000056
-000110
-000064
-000089
000101
-000102
-000045
-000078
000053
-000064
000047
-000031
-000011
-000128
-000080
000044
000054
000099
000106
-000049
-000085
000077
000069
000041
-000092
000065
-000006
000019
-000111
000054
-000103
000025
-000056
000090
000056
-000018
000060
000012
000096
000113
-000116
-000041
-000054
-000055
-000049
-000062
-000010
-000058
000037
-000040
-000107
-000111
000109
000018
000050
-000046
000083
-000020
-000091
-000092
000034
000062
-000066
-000085
-000032
-000010
000089
-000108
000058
-000071
000125
000015
000080
-000112
000080
-000033
-000054
000006
-000091
-000080
-000097
-000006
-000071
-000052
000084
-000021
-000098
000104
-000105
000067
000012
-000071
-000054
000066
000036
000034
-000007
000125
-000001
000123
-000010
-000060
000002
000070
-000052
-000101
000110
000087
000097
-000117
000007
000000
000070
-000128
-000115
-000102
-000029
000043
-000062
-000062
-000073
000071
-000013
-000007
-000047
-000040
-000037
-000118
000085
-000038
000006
000012
000023
-000056
-000102
-000093
-000037
-000128
000066
000061
-000052
-000063
-000003
000018
-000071
-000118
000108
000092
000118
000047
000030
-000091
000054
-000046
000094
-000057
-000086
000057
000082
-000065
-000044
000024
000019
-000085
-000032
000038
000078
000004
000102
000009
000001
-000014
-000118
-000066
000076
000004
-000063
000049
000096
000055
000032
000063
000036
000022
-000047
-000006
-000035
-000013
000123
000119
000114
-000057
-000113
-000002
000114
000048
-000028
-000127
-000084
000010
000002
000109
-000003
000076
000043
-000063
-000056
-000084
000058
-000023
000043
-000046
-000096
-000057
000048
000113
-000127
000086
000036
-000003
000069
-000106
-000124
-000107
-000036
-000009
000013
-000064
-000016
000121
000067
-000078
-000026
-000120
000118
-000047
000073
000063
000126
-000004
000040
000105
000022
000016
000049
-000065
-000007
000114
-000043
-000035
-000025
000098
000115
000108
000063
000016
000035
-000060
000072
-000045
-000075
000075
-000123
-000029
-000045
-000005
000045
-000035
-000006
-000013
000081
-000102
000092
000039
-000086
-000059
000046
000099
000056
000123
-000072
000103
-000034
000116
-000109
-000107
-000004
-000074
000026
000004
000001
-000049
000080
-000122
000115
000091
-000070
000096
-000008
-000076
000083
-000111
000015
-000025
000049
000049
-000083
-000041
000085
-000091
-000101
000013
000012
-000015
-000007
000024
000070
000109
-000114
000096
000114
-000112
000104
-000006
-000042
-000037
-000099
000080
-000077
000086
000125
-000058
-000025
-000116
-000083
-000040
000005
-000094
-000080
000090
000071
-000061
000040
-000116
000116
000033
-000020
000002
000079
-000014
000035
-000127
000066
-000117
-000061
-000039
000038
000032
000041
-000103
000118
000102
-000089
000030
000058
000084
000110
-000072
000047
-000106
-000046
000054
000025
000114
000010
-000043
000084
000110
000080
-000093
000033
000051
000108
000099
000126
-000089
-000124
000028
000063
000038
-000003
-000002
000076
000028
-000108
-000121
000048
000122
-000001
000095
000089
-000111
000086
000050
000004
-000040
-000128
000088
-000065
000024
-000069
-000032
000075
000039
000003
-000119
-000114
000000
000029
000021
000110
-000038
-000117
000122
-000010
000087
-000063
000094
-000046
-000064
000126
-000093
000018
-000044
-000107
-000114
000108
000021
-000090
000115
-000019
-000087
000019
-000008
-000112
000023
-000127
-000106
000095
000094
000107
-000115
000056
000111
000127
-000018
-000058
000065
000077
000088
-000063
-000117
000067
000075
000095
000081
000033
-000117
-000082
000015
000119
-000100
000048
-000118
-000108
000056
000097
-000114
000022
-000128
000052
-000006
-000051
-000027
-000079
000077
000027
-000017
-000042
000040
-000112
000015
-000077
000075
-000093
000074
-000100
000060
-000042
-000061
-000060
000013
000031
000060
000087
-000077
000053
000001
000001
000075
000065
-000082
000005
000015
000083
000118
000092
000046
-000082
000106
-000049
-000074
-000063
000066
000121
-000036
-000115
-000042
-000111
000035
000017
-000099
-000016
000120
000081
000071
-000093
000070
000008
000101
-000110
-000062
000091
000087
-000047
000110
-000050
000101
-000100
000060
-000049
-000077
000106
-000112
000110
-000093
000045
000067
-000015
000126
000038
000074
-000109
-000114
000058
-000092
-000107
000038
-000021
000022
-000117
000061
-000040
000094
000084
000033
-000116
-000030
-000050
000040
000030
000093
-000100
000000
-000019
-000126
000028
-000110
-000123
000013
-000048
000035
000024
000099
-000079
000082
-000056
000070
-000016
-000077
000092
000059
000104
-000012
000089
000004
000093
-000027
-000025
-000093
-000050
000125
000000
-000030
-000010
-000082
000100
000090
000120
-000087
000039
000073
-000052
-000073
000108
000061
-000054
-000084
-000053
000002
000095
-000024
000062
-000121
000084
000087
-000116
000042
000061
-000021
-000115
000011
000104
-000114
000101
000030
-000004
-000119
-000016
-000020
000050
-000040
-000011
000070
000007
000098
-000005
000025
-000122
-000122
-000108
-000090
-000026
-000110
000045
000059
000097
000001
-000083
000094
000100
000058
-000031
-000115
-000120
-000114
-000085
-000004
000095
-000028
000049
000009
000052
-000098
000015
-000125
000120
000082
000021
000071
-000039
-000087
-000019
000127
000115
000026
000002
-000044
-000108
000039
000051
000064
000034
000092
-000115
000106
000099
-000127
000039
000058
-000035
-000048
-000116
-000047
-000074
000091
-000052
000119
-000082
000041
000054
000071
000010
000035
000062
000125
-000003
000065
-000102
000081
000040
-000051
000010
-000110
-000023
000087
000117
-000060
000080
-000028
000071
-000091
-000076
-000109
-000066
000042
-000018
000075
000025
000092
-000020
-000057
000027
-000009
-000086
000090
000116
000104
000091
000014
000049
-000053
-000101
-000005
-000042
-000003
000083
000075
-000127
-000093
-000017
000016
000009
000027
-000093
000063
000005
000082
-000118
-000105
-000082
000119
-000090
-000054
-000074
000017
-000028
-000022
-000015
-000121
-000071
000034
000082
-000052
-000034
-000096
-000119
000049
-000085
000011
000076
-000102
-000037
000021
000117
000127
000085
-000013
000073
-000097
-000046
-000073
000094
000056
000065
-000116
-000063
000037
000119
-000078
-000012
000048
-000107
-000065
-000068
000115
000031
000070
-000036
-000053
-000103
-000024
000037
000116
-000002
-000101
-000077
-000053
000078
-000068
000106
-000104
000116
000065
-000112
000045
-000115
000082
-000101
-000060
-000060
000007
000108
000025
000062
000113
000076
000094
-000073
000040
-000023
000016
000017
000014
-000004
-000121
-000031
000040
000018
000047
-000028
-000060
000015
000024
-000059
000024
000070
000083
000042
000089
000023
000054
000032
000068
-000056
000095
-000075
-000044
000125
000044
-000003
000038
-000076
-000050
-000012
000112
000021
000078
000088
000039
000125
-000003
-000085
000077
-000115
000113
000037
000075
-000124
000079
-000020
000091
-000003
-000123
-000025
000013
-000092
000020
-000030
-000031
000000
-000097
000007
000044
-000027
000051
000093
000114
-000127
-000075
000089
000071
-000078
000124
000084
000000
-000083
000121
-000109
000049
000064
-000008
000077
-000123
-000059
-000084
000083
000041
-000063
-000083
000010
-000127
000012
-000047
000038
-000079
000124
-000125
000035
000070
-000008
000060
000005
-000085
-000072
-000047
-000085
000102
000074
-000074
000087
000074
-000010
000028
-000049
000051
-000055
-000030
000092
000074
-000113
000038
-000053
-000029
-000073
000057
-000108
000052
000052
000119
000058
000117
000043
-000121
-000104
-000092
000024
000003
-000054
000034
000001
-000103
000108
000112
-000074
-000005
-000021
000063
-000034
000008
-000119
000045
-000018
000084
-000047
-000090
000006
-000035
-000102
-000006
000021
000076
000047
000000
000075
-000057
-000020
000099
-000118
000046
-000123
000004
-000056
000041
000052
000062
000108
-000033
-000059
-000062
-000025
000078
-000080
000030
000098
-000127
000060
000040
000030
000078
-000029
000051
000090
000018
-000012
-000091
-000102
-000032
-000056
-000100
000015
000013
000096
-000105
000126
-000036
000029
000098
-000068
000090
-000027
000099
-000016
000013
-000007
-000054
-000042
-000083
-000077
000108
-000069
-000106
-000024
000021
000104
000084
000122
000122
000052
000066
-000041
-000069
000015
000127
000018
000005
-000044
-000089
000104
000080
000073
-000059
000115
-000079
-000046
000109
000060
000104
-000038
-000017
-000044
-000106
000069
000052
000107
-000083
-000120
000094
-000024
000125
-000096
000007
-000080
000112
-000002
000011
000117
-000110
000042
000085
-000030
000052
000026
000086
-000027
-000084
-000125
-000103
000092
000093
-000048
-000087
-000077
-000115
000085
-000105
-000005
000038
000061
-000093
000027
-000099
000034
-000117
-000123
-000032
000086
-000005
000115
-000055
000080
000021
000117
000043
000043
000090
000031
000038
-000076
-000012
000068
000068
000093
-000073
-000110
-000006
000014
-000115
-000104
000075
000048
000115
000097
000018
000071
-000026
-000014
000021
000089
000037
-000098
-000014
000059
000019
-000035
000038
000046
000116
-000059
-000030
000040
000081
-000026
-000123
-000056
000120
-000008
-000041
000005
000080
-000030
000109
000012
-000069
-000057
-000117
000098
000050
-000024
000003
000087
-000001
000109
-000054
000018
-000062
000105
000064
000127
000118
-000030
000103
-000121
000065
-000083
-000057
-000071
-000091
000094
000127
000061
-000071
000052
-000127
000052
000116
000012
-000034
000102
-000011
-000030
000125
-000076
000015
000008
-000058
-000110
000113
-000057
-000047
000047
000105
000056
000046
000106
-000027
-000075
000108
-000046
-000044
-000085
-000048
-000043
000087
-000055
000009
-000117
-000042
-000088
-000079
-000117
000002
000119
000063
-000047
000127
-000059
000099
-000080
000076
000052
000087
000118
000109
-000123
000088
000018
-000006
000060
000093
-000050
000047
-000091
000027
-000001
-000074
-000027
000074
-000116
000005
000068
-000041
-000057
000051
-000042
-000104
000042
-000100
000116
-000038
-000088
000032
000049
-000106
000077
-000018
000055
000096
-000024
000115
000125
000119
-000037
000034
000010
-000038
000080
000103
000108
-000099
000108
000040
-000068
-000013
000091
000011
-000116
000069
000103
000120
000031
000015
-000032
000016
000102
-000090
000070
000021
000006
-000089
000072
-000125
-000106
000035
000101
000096
-000067
-000003
000016
-000022
000090
-000012
-000118
-000113
000048
-000090
-000030
000052
-000021
000073
-000084
000083
000024
000004
-000037
-000010
000106
-000102
-000053
000112
000001
-000116
-000077
000087
000111
-000040
-000001
-000091
000078
-000121
000007
000032
-000060
-000039
-000009
000108
000127
000081
-000096
000043
000090
000012
000126
000115
-000120
000025
000041
-000013
000115
-000075
000035
000052
-000119
-000105
-000117
000112
-000025
000075
000093
-000083
-000046
000036
-000114
-000106
000118
000069
000002
-000075
-000105
000026
000040
000057
-000026
000102
000108
000047
-000008
000086
-000102
000043
000011
000125
000096
000012
-000116
-000085
000060
000052
-000010
000018
-000031
000065
000126
000047
-000105
000108
-000067
000018
000106
000020
000116
000010
000077
-000045
-000023
000050
000122
-000095
000000
000092
-000116
-000053
-000103
000100
-000105
000110
-000048
-000045
000026
-000122
-000091
-000069
-000057
-000100
-000085
000031
000008
000104
000049
000050
-000012
000101
-000003
000065
-000008
000046
000051
000050
-000113
000123
000006
000027
-000066
-000024
-000056
000085
-000050
-000104
-000095
000096
000030
000070
000099
-000090
-000094
-000122
-000059
000107
-000018
-000074
-000099
000090
000099
-000102
000092
-000044
-000120
-000113
000006
000023
000067
000085
000051
000001
-000003
000115
000023
000067
-000053
-000072
-000021
-000087
-000066
-000058
000015
000097
-000107
000076
000068
-000069
000074
-000095
000022
000038
-000004
-000070
000066
-000004
000009
000008
000020
000076
000093
-000065
-000058
000026
-000014
000037
000093
000005
-000035
000008
000038
000091
-000113
000054
000124
-000100
-000054
-000128
000087
-000115
000106
000045
-000005
-000034
-000089
-000003
-000038
000041
000125
-000082
000053
-000101
-000027
000067
-000075
-000105
000104
-000045
000020
000125
000083
-000125
-000103
-000094
000049
000021
-000002
-000005
000086
000022
000072
000056
000067
000003
000022
-000085
000120
-000080
000028
000062
-000041
000081
-000039
000124
000085
000078
000020
000053
-000103
-000024
-000077
000101
000107
000076
-000057
000092
000033
-000058
-000048
-000017
000084
000096
000039
000087
000036
-000003
000002
-000028
000038
-000106
-000102
-000003
-000088
-000069
000121
000117
-000126
000077
-000014
000027
-000082
000029
000064
-000039
000041
000008
000054
000011
000070
000078
000114
-000102
000110
000090
-000079
000010
-000049
000044
-000017
-000011
000010
-000047
-000078
000114
000005
-000020
000047
-000001
-000079
-000102
000026
-000089
000119
-000045
-000007
000025
000035
000119
-000100
000105
000061
000086
-000061
000035
000040
-000020
000046
000064
000096
-000035
-000011
000043
000038
000104
000021
-000093
000084
-000067
-000094
000125
000087
000125
-000099
000070
000016
-000034
000031
000051
-000051
000003
000092
-000126
-000046
-000105
-000019
000066
000067
-000037
000066
000100
000048
-000008
-000113
000087
000096
000028
-000070
000044
000033
000029
-000087
000056
-000102
-000114
000063
000106
000044
000094
000021
-000071
-000086
000113
-000125
000060
-000056
-000023
-000010
-000053
000060
-000007
000047
000109
000105
000126
-000124
000065
000091
-000122
000109
000124
-000093
-000042
000117
-000003
000037
-000076
000103
000081
000018
000060
-000125
000052
000109
000006
-000024
-000083
-000081
-000097
000057
-000020
000088
000040
-000095
-000063
-000089
-000027
-000062
000002
-000029
000047
000062
000071
-000059
000043
000068
-000022
-000033
-000028
000116
-000078
000032
000063
-000090
-000114
000005
-000041
-000005
-000075
000118
-000012
-000023
-000114
000029
000002
000079
-000060
-000089
-000047
-000002
-000118
-000064
000060
000025
-000123
000040
-000042
000048
000007
000002
000100
-000071
-000030
-000093
000096
-000024
000104
-000081
-000092
000101
-000027
-000104
-000058
-000069
000117
-000120
000066
-000079
000047
000019
-000009
000122
000075
-000012
000083
-000112
000028
-000023
-000064
000035
000099
-000028
-000099
000070
000071
000053
-000018
-000080
-000028
-000110
-000115
-000119
-000021
000020
000004
000096
-000028
000070
000090
000076
000089
-000055
-000058
000100
-000067
-000039
-000012
-000103
-000061
000117
000053
000038
000089
000074
000044
000025
000127
000027
-000055
000035
000109
000022
-000012
000088
000114
-000008
000121
-000049
-000074
-000109
000027
-000049
-000044
-000095
000051
000082
-000014
000111
-000021
000045
000092
-000032
000020
000046
-000022
000064
000071
000041
-000045
-000048
000076
000065
-000090
000000
000089
-000111
-000072
000074
000032
-000074
-000035
000059
-000003
-000006
-000100
000120
000012
000006
000096
-000073
000124
000052
000016
000008
000098
000066
000072
000105
000108
-000108
-000007
000120
-000107
000024
000121
-000018
-000015
-000015
000057
000017
-000088
-000042
000012
000101
000008
000032
000086
000020
-000026
-000074
-000116
-000038
-000086
-000100
-000030
-000051
-000098
-000093
-000010
000010
000127
000104
-000005
-000116
-000056
-000068
-000014
000049
000037
-000021
-000118
000069
-000126
000014
-000085
-000118
-000018
000001
000095
-000044
000119
-000021
-000081
-000031
000071
-000039
-000010
-000027
000060
000101
-000016
000051
-000051
000099
-000065
-000107
000031
-000006
-000122
000004
-000091
000016
000074
000039
-000034
-000011
000114
-000052
-000074
-000047
000096
-000019
000052
-000049
-000114
000123
000033
-000123
000096
000093
000098
-000056
000081
000047
000115
000088
-000124
-000054
-000054
000010
-000049
000048
-000038
-000039
-000049
-000072
-000114
000065
000068
-000068
000074
000028
000105
000126
-000020
-000009
000113
000013
000060
-000110
000042
-000098
000026
000123
000021
000006
000076
000089
000024
-000042
000099
-000089
000126
-000003
-000128
-000106
000045
-000122
-000105
-000023
-000118
-000030
-000058
-000013
-000040
-000078
-000085
-000110
000055
000047
-000100
000033
000070
-000074
000021
000027
000004
-000039
000117
-000107
000111
-000104
000060
000102
000014
000053
-000004
-000005
000003
000011
000045
000006
000101
000107
-000071
-000002
-000107
000036
000008
-000116
-000052
-000020
000037
000090
-000094
-000006
000117
000103
-000109
-000086
-000004
000123
000003
-000008
-000031
-000047
000117
000021
-000052
-000015
000104
-000071
-000073
-000114
000036
-000024
000004
000001
-000051
000084
000077
-000103
-000072
-000069
000107
000090
000045
000040
-000127
-000127
-000109
000061
-000004
000014
000054
-000099
000039
000107
000114
-000077
000028
000082
000109
000075
-000032
000081
-000012
000092
-000053
-000063
-000080
000096
000026
000040
-000109
-000051
000067
-000127
-000075
000060
000002
-000064
000122
-000066
-000114
000112
-000045
-000075
000083
-000115
-000031
-000024
-000033
000014
-000013
000056
000095
000047
000084
-000022
-000080
-000059
-000061
-000118
-000019
000022
000087
000048
-000033
000069
000045
-000095
000005
000031
-000041
000084
000007
-000014
-000055
000090
-000009
-000014
000002
000079
000000
000062
000071
000032
000045
000091
000010
-000034
-000032
-000115
000040
-000050
-000020
-000008
-000066
000067
000061
000099
-000027
000002
-000054
000124
-000098
-000047
-000025
000040
-000020
-000098
-000110
-000082
-000083
000083
-000084
000108
-000021
-000038
-000120
-000075
-000016
000104
-000117
000096
-000010
-000017
000088
000117
000122
000085
-000040
-000105
-000096
000099
000020
-000074
-000012
-000069
-000034
000024
000089
000049
000015
000007
-000124
000051
000051
-000073
-000051
-000069
000044
000005
000036
000047
-000034
-000038
000102
-000010
000079
000089
000012
-000024
-000016
000036
-000061
000124
000034
000047
000127
-000063
-000112
-000039
-000014
000023
000088
000054
-000110
-000117
-000083
000032
000007
000081
000037
-000021
-000127
-000061
-000059
000095
-000070
000021
000120
000014
000117
000105
000050
000056
-000091
000020
000039
000037
000077
000119
000118
-000001
-000114
-000114
-000011
-000103
-000039
000026
-000071
-000096
000108
-000098
000003
000101
-000086
-000055
000012
000036
-000098
-000123
-000086
-000117
-000082
-000100
-000125
-000053
000040
000106
-000080
-000018
-000030
-000026
-000083
000048
000052
000027
-000119
-000122
000053
000002
-000098
000025
-000095
-000022
-000058
000011
000115
-000109
-000089
-000119
000024
-000055
000020
-000002
-000035
-000033
000017
000005
000009
000058
-000077
-000021
-000032
-000039
-000108
-000115
-000012
-000107
-000045
000041
-000032
000049
000003
-000007
000027
-000055
000060
000006
000028
-000029
-000113
000052
000108
000099
-000014
000073
000002
000004
000014
-000124
-000002
-000126
000047
-000034
000091
-000061
000043
000015
000025
-000002
-000008
000113
000120
-000005
000042
000011
-000123
000102
-000046
-000095
000009
000033
-000106
000117
000069
000000
000126
-000065
-000060
-000116
-000117
-000062
000014
000051
000025
000041
-000074
000068
-000128
000023
000003
-000015
000000
-000013
-000084
000114
-000066
000049
-000104
-000112
-000109
000097
000114
-000023
000078
000047
000049
-000052
000054
000110
000025
000058
000048
-000025
000109
000009
-000119
-000029
-000122
-000055
-000005
-000119
-000070
-000069
000060
000103
-000090
-000006
000088
-000002
000075
000051
000096
-000067
-000036
000110
-000084
-000122
000059
000090
-000012
-000052
000012
-000028
-000077
000057
000102
-000124
000029
-000020
-000058
-000112
000053
000064
000075
000113
000103
-000079
000043
000008
-000008
000118
-000077
000024
000051
000008
-000122
000087
000078
000057
-000006
000066
000077
-000058
-000026
000121
000000
000076
-000067
-000035
-000008
000067
-000075
-000091
-000124
-000064
000094
-000021
000114
-000118
000107
000042
000120
000087
-000070
000108
000031
000064
000011
000109
-000014
000125
000111
-000073
-000068
000085
000120
000004
000098
-000010
-000095
-000046
-000079
000086
000120
000053
-000114
000078
000089
-000064
000080
-000124
000098
000017
-000037
000028
000125
000066
-000043
000072
000111
000015
-000122
-000034
-000122
000002
-000012
-000065
000126
000086
000045
000103
-000096
-000034
000053
000096
-000044
000059
000039
000045
000068
-000065
000041
000030
000072
-000059
000059
-000123
-000057
000088
-000114
000055
-000033
-000116
000021
000037
-000114
000009
-000028
000084
000031
-000119
000051
000056
000040
000104
-000104
000116
000099
000127
000025
000031
-000001
-000118
-000122
-000113
000015
-000127
-000043
-000041
000081
000099
000014
-000016
-000017
000091
000021
000061
000037
000114
000009
-000068
-000069
000060
000060
-000029
-000036
-000107
-000097
-000121
-000116
000120
000103
-000117
-000061
-000019
-000037
-000046
000110
-000080
-000087
000055
-000117
000119
000111
000058
000075
-000004
000119
000112
000046
000064
000116
-000086
000060
000041
000077
000024
000054
000101
000095
000010
-000035
-000058
000086
-000096
000115
-000087
000051
000089
000089
000084
000080
-000092
-000116
000055
-000034
-000041
-000012
000021
-000113
-000030
000085
-000061
000004
000009
000100
000082
-000031
-000030
000047
000064
000101
-000052
-000057
000123
000045
-000078
000036
000096
-000052
000061
000044
-000036
000089
000000
-000044
000055
-000105
000016
-000060
000038
000106
000097
000034
000111
-000030
-000122
-000127
000011
000041
000112
000011
000078
000060
000074
-000055
-000031
-000067
000101
-000071
000073
000026
000046
000037
-000069
-000090
-000007
-000078
-000122
-000127
000054
000036
-000084
000015
-000114
000099
000057
-000115
000092
-000068
000118
000068
-000057
-000060
000064
000018
000005
000034
-000113
000042
000035
-000040
000004
-000055
000117
000055
-000072
000047
000097
-000074
000112
-000105
-000102
000028
-000090
-000095
-000009
000087
000118
000019
000091
-000084
000087
-000102
-000024
-000104
000108
000101
000002
-000005
000007
-000099
-000045
000011
000039
000009
000002
-000097
-000008
000099
-000051
000104
000066
-000081
000069
000032
000016
-000124
000119
000070
000016
-000110
-000014
000103
000044
000082
000071
-000103
-000001
-000063
-000108
-000058
000031
-000096
000025
000006
-000015
000027
000029
000097
000062
-000086
-000055
-000008
000089
000086
000024
000042
000083
-000041
000112
000099
-000031
-000037
-000118
000014
-000019
-000110
000103
-000019
000019
-000069
000115
-000086
000091
-000115
000040
-000060
000032
000069
-000027
000095
-000081
000111
000023
-000127
-000059
000048
-000013
-000112
-000057
-000037
-000077
000105
000118
000062
000055
-000084
-000048
-000098
000017
-000093
-000047
-000052
-000058
-000091
-000047
000054
000041
000106
000060
000015
-000119
-000021
000126
-000096
000044
000003
-000112
-000105
000012
000024
-000069
000007
-000127
-000087
-000067
-000072
000021
000077
000086
-000026
-000079
-000025
-000077
000119
-000044
-000004
000109
000118
000038
000105
-000051
-000009
-000051
000011
000016
000065
-000122
000096
-000103
-000038
-000064
-000052
000090
-000071
-000067
-000041
-000071
-000045
000109
-000121
-000071
-000106
-000025
-000028
-000051
000051
-000095
-000126
-000015
000063
000100
000126
-000081
000121
000001
000127
000050
-000048
000039
-000053
000034
000096
000087
000060
000097
-000043
000020
-000109
000032
000065
-000110
-000103
-000041
-000063
000062
000100
000061
000087
000094
-000018
-000034
-000062
-000027
000005
-000077
-000026
-000052
-000090
000118
000108
000049
000017
-000052
-000119
000077
-000091
-000042
000033
000056
000062
-000038
-000117
-000105
000113
000012
-000043
000077
-000063
-000092
-000084
-000080
000067
000110
000085
000072
-000030
-000005
000021
000000
000114
000065
000049
-000005
000013
-000014
000008
000114
000016
-000022
000107
000078
-000060
-000074
000094
-000010
000010
-000013
000067
-000052
-000032
-000081
-000076
000035
-000034
000081
-000029
000056
000076
-000072
-000128
000054
-000007
000113
-000015
-000058
000036
-000006
-000127
000052
000092
-000084
000067
-000032
000034
000097
-000106
000044
000084
-000102
000048
000124
000073
000044
000023
-000097
000125
000067
000031
000066
-000069
000023
-000016
-000003
000073
-000030
000059
000109
-000100
000124
-000023
-000072
000112
-000092
-000032
-000110
-000059
000119
000055
000026
-000119
000103
000086
-000110
000084
000110
000050
000073
000113
-000055
000075
-000092
000041
000060
000097
000050
-000034
-000099
-000097
000058
000097
000072
-000014
000074
000101
-000110
000084
000042
-000055
000075
000004
000018
000115
-000093
-000091
000063
-000047
000079
-000048
-000070
-000040
000028
000030
-000063
000024
-000128
-000013
000110
-000035
000082
000104
-000074
000019
000026
-000064
-000064
-000084
-000043
-000086
-000018
000032
000111
000000
000083
000018
000029
-000110
000091
000044
000035
-000115
000077
-000073
000107
000014
000071
-000085
-000062
-000003
-000120
000020
000037
-000001
-000025
000063
-000065
000103
-000021
-000036
000018
-000103
-000067
-000127
000090
-000120
-000053
000055
-000037
000038
000036
000118
000115
-000023
000045
-000034
-000073
000052
000074
-000015
-000015
000074
-000058
000022
-000111
-000083
-000051
000081
-000043
000120
-000019
000095
-000046
000034
-000096
-000092
000035
000107
-000101
000118
000009
-000065
000052
000060
-000088
000033
-000038
-000040
-000051
000036
-000055
000006
000111
000079
-000108
000120
-000067
-000087
-000119
-000110
-000103
-000017
-000015
000107
-000047
000081
000087
-000012
-000068
-000013
000042
-000123
000042
000094
-000063
000075
-000009
-000029
000107
-000124
-000128
-000012
-000118
-000081
000068
-000034
000111
-000063
-000001
-000071
000083
-000103
000104
000004
-000060
000057
000085
000028
-000090
-000047
-000049
-000048
-000098
000113
-000017
-000089
000004
-000090
000002
-000025
000043
-000126
-000100
000117
-000015
-000096
-000052
-000039
-000039
-000053
-000110
000116
000036
000066
000120
000049
-000013
-000115
-000059
000089
-000090
-000108
000114
-000068
-000059
-000039
-000037
000066
-000009
-000035
000113
-000030
000032
-000051
-000048
-000119
-000027
-000028
-000086
000126
000039
-000004
-000014
-000108
-000074
-000030
000061
-000014
000047
000074
000075
000077
-000098
000053
-000127
000035
-000050
-000092
000101
-000122
-000006
-000105
000104
-000038
000036
-000008
000035
-000126
000084
-000050
000072
000124
-000054
-000077
